0.553347
0.391282
0.7012
0.20114
0.152105
0.378605
0.329068
0.274028
1.2413
0.985733
1.14126
0.990325
1.10383
0.974441
0.994014
1.00827
0.674132
0.590749
0.786316
0.834039
0.793492
0.719071
0.487514
0.77837
0.746936
0.730232
0.709103
0.847513
0.751912
0.61947
0.599256
0.725668
0.658118
0.58697
0.791801
0.484774
0.625298
0.536133
0.737218
0.672753
0.71291
0.636456
0.651585
0.616888
0.532249
0.640582
0.696476
0.671929
0.851872
0.891125
0.72721
0.872588
0.835629
0.861795
0.960276
0.801145
0.703674
0.795808
0.692723
0.574185
0.690826
0.779134
0.396865
0.632634
0.490542
0.658041
0.305604
0.249107
0.751583
0.52984
0.558096
0.773881
0.643514
0.661467
0.338073
0.510366
0.490195
0.471106
0.618833
0.566595
0.59749
0.36583
0.46418
0.379068
0.766434
0.626932
0.536528
0.447599
0.305205
0.54615
0.585223
0.266002
0.615944
0.581129
0.561009
0.483308
0.521979
0.398552
0.320989
0.612669
0.332979
0.330065
0.427548
0.550785
0.569234
0.606059
0.553475
0.28614
0.525135
0.478785
0.641296
0.297959
0.548903
0.421731
0.553809
0.732939
0.556174
0.509198
0.412282
0.597685
0.474015
0.448875
0.415226
0.5666
0.905323
0.393181
0.684383
0.594483
0.47122
0.552645
0.319281
0.319923
0.612901
0.266824
0.177651
0.568974
0.515246
0.44811
0.305075
0.636261
0.558351
0.229398
0.368768
0.363583
0.380432
0.359108
0.573296
0.412406
0.39924
0.470662
0.525141
0.521043
0.426071
0.523141
0.29683
0.486994
0.404303
0.484513
0.3212
0.477301
0.343872
0.547908
0.353233
0.373157
0.45946
0.578628
0.415996
0.593238
0.33476
0.436563
0.440204
0.372944
0.216321
0.426378
0.246719
0.656454
0.3843
0.321952
0.533746
0.324672
0.436678
0.487592
0.368686
0.344083
0.264119
0.27778
0.434293
0.346767
0.35367
0.259472
0.548985
0.4972
0.297094
0.344083
0.289101
0.364315
0.289761
0.519082
0.475783
0.503828
0.502534
0.273663
0.568908
0.262063
0.428772
0.474877
0.484873
0.403759
0.336399
0.549454
0.26561
0.352784
0.530774
0.339879
0.314376
0.412406
0.327104
0.350191
0.552996
0.532386
0.36583
0.423217
0.403027
0.486759
0.582027
0.390747
0.394111
0.282072
0.303466
0.164075
0.610853
0.441848
0.383862
0.641128
0.372944
0.328258
0.34328
0.426378
0.596825
0.44628
0.328258
0.276821
0.408153
0.539967
0.408556
0.264347
0.450624
0.669215
0.307244
0.536585
0.334797
0.599981
0.359543
0.355532
0.539737
0.329012
0.289589
0.396942
0.50166
0.333887
0.564057
0.403034
0.404303
0.373157
0.209861
0.502756
0.294767
0.364828
0.391377
0.284411
0.239602
0.315015
0.329171
0.453932
0.387156
0.534609
0.396942
0.433715
0.325261
0.362323
0.372944
0.344582
0.345509
