103926
103893
105438
104736
106065
105550
105430
106105
104925
105453
103819
104607
104918
103970
104745
104527
105064
104559
105332
104792
105138
105732
104273
103333
106071
104926
104678
106058
106233
105173
104586
104198
105238
106210
105777
105807
105379
104719
104312
104655
104871
106298
104919
105373
105583
103917
106432
104269
104468
104542
103852
104731
105227
104545
104755
105676
104978
106401
105577
105053
105311
104180
105613
104597
126094
104999
106121
104308
105449
103656
105062
104259
105668
105385
105967
106045
105208
103843
104660
104898
100644
144707
103813
105936
104571
105023
105357
103794
109739
106423
105643
105302
104327
105077
103285
110602
103908
103163
105216
104330
105526
111192
104932
105589
104890
104797
105723
117356
105575
104291
105539
105137
106234
104022
104593
104620
104947
105147
105585
104229
104424
105932
105339
103997
105683
105842
103990
103607
106415
105572
105051
106034
105032
106368
104873
105902
111190
105655
105026
111202
104460
104672
104979
106138
105098
105154
104665
126205
105065
103888
104534
106043
111200
103582
105041
105011
126152
104252
105292
105074
126207
105992
104868
104505
106216
103781
104386
106000
103720
105441
111577
106290
104433
105229
104297
104338
111797
104594
104471
105985
105641
104547
105270
123921
103565
106293
104714
104882
111153
104500
144719
105542
105401
111513
105341
105888
106243
123755
104268
105512
105269
104905
105826
104629
105436
105063
105872
104563
111511
103401
104944
104847
106281
106291
106378
105454
105487
104997
126203
105657
106207
104897
105376
105325
104122
111460
106032
111506
105671
104216
105917
105030
105943
106390
104783
106005
104770
106393
104349
106148
110754
105916
105217
105254
105841
105132
104112
104467
104839
105963
104735
105223
106261
106109
103812
103898
104802
104945
105819
105120
105952
104535
104095
105281
111578
104619
105271
104007
104117
105099
104628
106362
104676
104499
105047
106026
111442
103188
104907
104822
106325
105633
105733
