0.485777
0.42307
0.575432
0.361408
0.271686
0.394979
0.371214
0.341114
0.691105
0.604709
0.658825
0.61488
0.649602
0.596207
0.603487
0.618596
0.505745
0.48145
0.537774
0.553333
0.547604
0.534014
0.454038
0.538642
0.52088
0.527171
0.512621
0.558524
0.527218
0.489428
0.488503
0.518709
0.498641
0.482299
0.542449
0.438378
0.482395
0.458076
0.541833
0.507735
0.52872
0.505887
0.498038
0.486274
0.454463
0.482779
0.532845
0.510145
0.564086
0.574159
0.527319
0.566477
0.55843
0.564519
0.597687
0.555469
0.554397
0.547105
0.509048
0.461688
0.50062
0.545633
0.425069
0.494106
0.443895
0.514743
0.347105
0.238635
0.526939
0.437088
0.467905
0.544962
0.495875
0.502364
0.373277
0.457229
0.455442
0.457872
0.492874
0.475638
0.49048
0.342869
0.43224
0.414412
0.527493
0.491341
0.46385
0.428732
0.346644
0.464958
0.469209
0.312962
0.500739
0.479718
0.482333
0.446121
0.456393
0.432408
0.378198
0.482664
0.391741
0.27286
0.418796
0.469093
0.463221
0.47638
0.465473
0.328302
0.450749
0.442518
0.50976
0.230294
0.461468
0.41296
0.475938
0.529833
0.477953
0.45871
0.423522
0.483408
0.43893
0.425463
0.410415
0.506338
0.581814
0.440409
0.503351
0.489719
0.429494
0.466426
0.393197
0.362097
0.488568
0.31439
0.306619
0.442942
0.442983
0.440947
0.122807
0.486897
0.474358
0.281594
0.409399
0.332452
0.350929
0.386829
0.470838
0.395724
0.401997
0.435825
0.44279
0.456585
0.426639
0.478426
0.389604
0.433282
0.381697
0.45269
0.361686
0.451397
0.394985
0.472033
0.403156
0.358428
0.481159
0.47856
0.413626
0.480855
0.381084
0.410433
0.397355
0.342603
0.291465
0.414725
0.327355
0.490084
0.386284
0.376721
0.457717
0.263773
0.40753
0.447482
0.343717
0.319995
0.344274
0.357531
0.407291
0.379866
0.314029
0.287055
0.492383
0.451281
0.245136
0.319995
0.346602
0.39632
0.334185
0.371719
0.431455
0.429574
0.416052
0.174021
0.491266
0.324723
0.421756
0.456758
0.4485
0.411322
0.310832
0.462173
0.157949
0.312148
0.434566
0.361039
0.373395
0.395724
0.344857
0.383589
0.475144
0.462862
0.342869
0.411567
0.398926
0.498405
0.480637
0.413147
0.425405
0.320234
0.324759
0.314746
0.520598
0.408805
0.372818
0.550133
0.342603
0.283894
0.312775
0.414725
0.506443
0.415157
0.283894
0.314206
0.41297
0.464887
0.402597
0.312921
0.458501
0.523882
0.236769
0.456662
0.369905
0.490807
0.330248
0.320816
0.449059
0.381251
0.200042
0.382304
0.442995
0.127404
0.479917
0.395366
0.381697
0.358428
0.234606
0.517854
0.111742
0.338856
0.379446
0.196477
0.257788
0.351387
0.271184
0.463303
0.36425
0.558172
0.382304
0.428383
0.283562
0.342781
0.342603
0.30983
0.279673
