283 2645
20151123 1 1 2 0
20151123 3 1 2 0
20151123 2 1 4 0
20151123 3 1 1 0
20151123 1 1 4 0
20151123 3 1 4 0
20151123 5 1 6 0
20151123 6 1 7 0
20151123 6 1 8 0
20151123 7 1 5 0
20151123 8 1 5 0
20151123 8 1 7 0
20151123 3 1 8 0
20151123 1 1 6 0
20151123 3 1 1 0
20151115 9 1 10 0
20151115 11 1 12 0
20151115 13 1 14 0
20151115 15 1 16 0
20151115 10 1 12 0
20151115 11 1 9 0
20151115 15 1 13 0
20151115 16 1 14 0
20151115 11 1 10 0
20151115 9 1 12 0
20151115 15 1 14 0
20151115 16 1 13 0
20151115 9 1 15 0
20151115 11 1 16 0
20151115 9 1 11 0
20151102 17 1 18 0
20151102 19 1 20 0
20151102 21 1 22 0
20151102 23 1 24 0
20151102 25 1 26 0
20151102 27 1 28 0
20151102 29 1 30 0
20151102 31 1 32 0
20151102 33 1 34 0
20151102 35 1 36 0
20151102 37 1 38 0
20151102 39 1 40 0
20151102 41 1 42 0
20151102 43 1 44 0
20151102 45 1 46 0
20151102 47 1 48 0
20151102 9 1 17 0
20151102 49 1 19 0
20151102 50 1 21 0
20151102 12 1 23 0
20151102 16 1 25 0
20151102 27 1 51 0
20151102 52 1 29 0
20151102 15 1 31 0
20151102 14 1 33 0
20151102 35 1 53 0
20151102 54 1 37 0
20151102 11 1 39 0
20151102 10 1 41 0
20151102 55 1 43 0
20151102 56 1 45 0
20151102 13 1 47 0
20151102 9 1 49 0
20151102 12 1 50 0
20151102 16 1 27 0
20151102 15 1 52 0
20151102 14 1 35 0
20151102 54 1 11 0
20151102 55 1 10 0
20151102 13 1 56 0
20151102 9 1 12 0
20151102 16 1 15 0
20151102 14 1 54 0
20151102 13 1 55 0
20151102 9 1 16 0
20151102 13 1 14 0
20151102 9 1 13 0
20151026 57 1 58 0
20151026 59 1 60 0
20151026 37 1 41 0
20151026 40 1 36 0
20151026 61 1 62 0
20151026 19 1 63 0
20151026 21 1 64 0
20151026 65 1 38 0
20151026 66 1 17 0
20151026 32 1 48 0
20151026 67 1 68 0
20151026 69 1 44 0
20151026 57 1 70 0
20151026 59 1 37 0
20151026 40 1 25 0
20151026 61 1 19 0
20151026 21 1 65 0
20151026 66 1 26 0
20151026 32 1 67 0
20151026 69 1 51 0
20151026 59 1 57 0
20151026 61 1 40 0
20151026 21 1 66 0
20151026 69 1 32 0
20151026 61 1 59 0
20151026 21 1 69 0
20151026 61 1 21 0
20151026 11 1 71 0
20151026 72 1 73 0
20151026 30 1 27 0
20151026 56 1 39 0
20151026 52 1 47 0
20151026 74 1 75 0
20151026 28 1 76 0
20151026 54 1 77 0
20151026 53 1 78 0
20151026 18 1 43 0
20151026 35 1 79 0
20151026 15 1 31 0
20151026 55 1 34 0
20151026 29 1 80 0
20151026 45 1 33 0
20151026 24 1 16 0
20151026 11 1 72 0
20151026 56 1 30 0
20151026 74 1 52 0
20151026 28 1 54 0
20151026 53 1 18 0
20151026 15 1 35 0
20151026 55 1 29 0
20151026 24 1 45 0
20151026 11 1 56 0
20151026 28 1 74 0
20151026 15 1 53 0
20151026 55 1 24 0
20151026 11 1 28 0
20151026 15 1 55 0
20151026 11 1 15 0
20151019 81 1 82 0
20151019 64 1 83 0
20151019 35 1 84 0
20151019 85 1 86 0
20151019 87 1 88 0
20151019 62 1 66 0
20151019 28 1 36 0
20151019 48 1 76 0
20151019 43 1 89 0
20151019 41 1 90 0
20151019 91 1 92 0
20151019 93 1 30 0
20151019 12 1 81 0
20151019 35 1 64 0
20151019 85 1 25 0
20151019 62 1 87 0
20151019 28 1 48 0
20151019 49 1 43 0
20151019 41 1 91 0
20151019 55 1 93 0
20151019 12 1 35 0
20151019 85 1 62 0
20151019 28 1 49 0
20151019 55 1 41 0
20151019 12 1 85 0
20151019 28 1 55 0
20151019 12 1 28 0
20151019 14 1 94 0
20151019 32 1 60 0
20151019 95 1 96 0
20151019 26 1 97 0
20151019 50 1 98 0
20151019 31 1 99 0
20151019 2 1 100 0
20151019 20 1 17 0
20151019 24 1 39 0
20151019 79 1 101 0
20151019 77 1 102 0
20151019 54 1 103 0
20151019 73 1 29 0
20151019 69 1 33 0
20151019 34 1 104 0
20151019 52 1 105 0
20151019 14 1 32 0
20151019 26 1 95 0
20151019 31 1 50 0
20151019 20 1 2 0
20151019 24 1 79 0
20151019 77 1 54 0
20151019 69 1 73 0
20151019 52 1 34 0
20151019 14 1 26 0
20151019 20 1 31 0
20151019 77 1 24 0
20151019 69 1 52 0
20151019 14 1 20 0
20151019 69 1 77 0
20151019 14 1 69 0
20151019 106 1 37 0
20151019 107 1 7 0
20151019 71 1 65 0
20151019 18 1 108 0
20151019 109 1 110 0
20151019 111 1 47 0
20151019 40 1 112 0
20151019 80 1 45 0
20151019 113 1 114 0
20151019 115 1 61 0
20151019 42 1 116 0
20151019 117 1 118 0
20151019 53 1 106 0
20151019 107 1 71 0
20151019 18 1 27 0
20151019 111 1 109 0
20151019 80 1 40 0
20151019 72 1 113 0
20151019 42 1 115 0
20151019 21 1 117 0
20151019 53 1 107 0
20151019 111 1 18 0
20151019 72 1 80 0
20151019 21 1 42 0
20151019 53 1 111 0
20151019 21 1 72 0
20151019 53 1 21 0
20151011 44 1 119 0
20151011 29 1 120 0
20151011 51 1 107 0
20151011 55 1 62 0
20151011 59 1 116 0
20151011 25 1 48 0
20151011 69 1 39 0
20151011 56 1 121 0
20151011 54 1 30 0
20151011 49 1 122 0
20151011 43 1 123 0
20151011 28 1 124 0
20151011 24 1 41 0
20151011 21 1 32 0
20151011 125 1 17 0
20151011 53 1 126 0
20151011 47 1 33 0
20151011 27 1 40 0
20151011 58 1 105 0
20151011 26 1 61 0
20151011 52 1 98 0
20151011 50 1 127 0
20151011 128 1 74 0
20151011 94 1 86 0
20151011 9 1 44 0
20151011 51 1 29 0
20151011 55 1 59 0
20151011 25 1 14 0
20151011 13 1 69 0
20151011 54 1 56 0
20151011 49 1 43 0
20151011 12 1 28 0
20151011 15 1 24 0
20151011 125 1 21 0
20151011 53 1 47 0
20151011 16 1 27 0
20151011 10 1 58 0
20151011 52 1 26 0
20151011 50 1 128 0
20151011 94 1 11 0
20151011 9 1 51 0
20151011 25 1 55 0
20151011 13 1 54 0
20151011 12 1 49 0
20151011 15 1 125 0
20151011 16 1 53 0
20151011 52 1 10 0
20151011 50 1 94 0
20151011 9 1 25 0
20151011 13 1 12 0
20151011 15 1 16 0
20151011 50 1 52 0
20151011 9 1 13 0
20151011 50 1 15 0
20151011 9 1 50 0
20151005 16 1 95 0
20151005 118 1 129 0
20151005 130 1 131 0
20151005 61 1 51 0
20151005 49 1 114 0
20151005 34 1 132 0
20151005 41 1 133 0
20151005 62 1 52 0
20151005 19 1 35 0
20151005 85 1 48 0
20151005 58 1 94 0
20151005 21 1 55 0
20151005 53 1 74 0
20151005 69 1 25 0
20151005 86 1 33 0
20151005 10 1 47 0
20151005 16 1 118 0
20151005 130 1 61 0
20151005 49 1 34 0
20151005 62 1 41 0
20151005 19 1 85 0
20151005 58 1 21 0
20151005 53 1 69 0
20151005 10 1 86 0
20151005 16 1 130 0
20151005 62 1 49 0
20151005 19 1 58 0
20151005 10 1 53 0
20151005 16 1 62 0
20151005 19 1 10 0
20151005 16 1 19 0
20151005 9 1 116 0
20151005 119 1 106 0
20151005 87 1 127 0
20151005 54 1 29 0
20151005 14 1 17 0
20151005 31 1 37 0
20151005 120 1 30 0
20151005 27 1 125 0
20151005 105 1 50 0
20151005 28 1 18 0
20151005 59 1 128 0
20151005 15 1 126 0
20151005 56 1 39 0
20151005 26 1 44 0
20151005 24 1 32 0
20151005 40 1 12 0
20151005 9 1 119 0
20151005 54 1 87 0
20151005 14 1 31 0
20151005 120 1 27 0
20151005 28 1 105 0
20151005 15 1 59 0
20151005 26 1 56 0
20151005 40 1 24 0
20151005 9 1 54 0
20151005 14 1 120 0
20151005 15 1 28 0
20151005 26 1 40 0
20151005 9 1 14 0
20151005 15 1 26 0
20151005 9 1 15 0
20150928 95 1 99 0
20150928 71 1 134 0
20150928 7 1 27 0
20150928 61 1 68 0
20150928 88 1 133 0
20150928 41 1 81 0
20150928 58 1 60 0
20150928 118 1 83 0
20150928 122 1 135 0
20150928 59 1 132 0
20150928 85 1 64 0
20150928 66 1 100 0
20150928 14 1 95 0
20150928 71 1 7 0
20150928 35 1 61 0
20150928 88 1 41 0
20150928 58 1 118 0
20150928 24 1 122 0
20150928 59 1 85 0
20150928 51 1 66 0
20150928 14 1 71 0
20150928 88 1 35 0
20150928 58 1 24 0
20150928 51 1 59 0
20150928 14 1 88 0
20150928 51 1 58 0
20150928 14 1 51 0
20150928 130 1 136 0
20150928 137 1 121 0
20150928 34 1 119 0
20150928 138 1 109 0
20150928 116 1 105 0
20150928 128 1 131 0
20150928 30 1 42 0
20150928 123 1 139 0
20150928 31 1 106 0
20150928 37 1 114 0
20150928 140 1 126 0
20150928 87 1 77 0
20150928 12 1 130 0
20150928 34 1 137 0
20150928 127 1 138 0
20150928 116 1 128 0
20150928 30 1 123 0
20150928 32 1 31 0
20150928 140 1 37 0
20150928 53 1 87 0
20150928 12 1 34 0
20150928 127 1 116 0
20150928 32 1 30 0
20150928 53 1 140 0
20150928 12 1 127 0
20150928 32 1 53 0
20150928 12 1 32 0
20150921 141 1 100 0
20150921 2 1 93 0
20150921 72 1 87 0
20150921 66 1 36 0
20150921 46 1 91 0
20150921 30 1 142 0
20150921 44 1 97 0
20150921 59 1 135 0
20150921 22 1 79 0
20150921 48 1 81 0
20150921 62 1 37 0
20150921 23 1 103 0
20150921 16 1 141 0
20150921 72 1 2 0
20150921 50 1 66 0
20150921 46 1 30 0
20150921 44 1 59 0
20150921 32 1 22 0
20150921 62 1 48 0
20150921 49 1 23 0
20150921 72 1 16 0
20150921 50 1 46 0
20150921 44 1 32 0
20150921 49 1 62 0
20150921 50 1 72 0
20150921 49 1 44 0
20150921 50 1 49 0
20150921 116 1 65 0
20150921 38 1 90 0
20150921 61 1 7 0
20150921 105 1 115 0
20150921 88 1 143 0
20150921 106 1 71 0
20150921 73 1 19 0
20150921 42 1 109 0
20150921 18 1 144 0
20150921 127 1 114 0
20150921 85 1 77 0
20150921 111 1 145 0
20150921 116 1 12 0
20150921 61 1 38 0
20150921 29 1 105 0
20150921 106 1 88 0
20150921 42 1 73 0
20150921 21 1 18 0
20150921 127 1 85 0
20150921 125 1 111 0
20150921 61 1 116 0
20150921 29 1 106 0
20150921 21 1 42 0
20150921 125 1 127 0
20150921 61 1 29 0
20150921 125 1 21 0
20150921 125 1 61 0
20150831 9 1 146 0
20150831 105 1 59 0
20150831 18 1 147 0
20150831 39 1 148 0
20150831 21 1 22 0
20150831 36 1 73 0
20150831 109 1 61 0
20150831 56 1 116 0
20150831 125 1 149 0
20150831 48 1 98 0
20150831 150 1 5 0
20150831 51 1 122 0
20150831 26 1 69 0
20150831 40 1 151 0
20150831 152 1 153 0
20150831 15 1 47 0
20150831 19 1 10 0
20150831 117 1 95 0
20150831 133 1 33 0
20150831 127 1 154 0
20150831 50 1 83 0
20150831 38 1 155 0
20150831 79 1 87 0
20150831 156 1 20 0
20150831 53 1 6 0
20150831 111 1 42 0
20150831 71 1 120 0
20150831 35 1 131 0
20150831 41 1 157 0
20150831 44 1 158 0
20150831 84 1 159 0
20150831 14 1 7 0
20150831 16 1 94 0
20150831 140 1 136 0
20150831 160 1 62 0
20150831 28 1 128 0
20150831 27 1 161 0
20150831 100 1 162 0
20150831 37 1 77 0
20150831 74 1 49 0
20150831 52 1 65 0
20150831 130 1 60 0
20150831 106 1 88 0
20150831 29 1 115 0
20150831 17 1 163 0
20150831 129 1 97 0
20150831 30 1 164 0
20150831 13 1 58 0
20150831 12 1 165 0
20150831 166 1 76 0
20150831 46 1 86 0
20150831 32 1 167 0
20150831 25 1 168 0
20150831 169 1 135 0
20150831 80 1 141 0
20150831 55 1 90 0
20150831 54 1 110 0
20150831 114 1 170 0
20150831 34 1 2 0
20150831 24 1 91 0
20150831 72 1 81 0
20150831 31 1 171 0
20150831 93 1 85 0
20150831 11 1 43 0
20150831 9 1 105 0
20150831 39 1 18 0
20150831 21 1 36 0
20150831 56 1 109 0
20150831 125 1 48 0
20150831 51 1 150 0
20150831 26 1 40 0
20150831 15 1 152 0
20150831 19 1 117 0
20150831 127 1 133 0
20150831 50 1 38 0
20150831 79 1 156 0
20150831 53 1 111 0
20150831 71 1 35 0
20150831 41 1 44 0
20150831 14 1 84 0
20150831 16 1 140 0
20150831 160 1 28 0
20150831 27 1 100 0
20150831 74 1 37 0
20150831 52 1 130 0
20150831 29 1 106 0
20150831 17 1 129 0
20150831 13 1 30 0
20150831 12 1 166 0
20150831 32 1 46 0
20150831 25 1 169 0
20150831 55 1 80 0
20150831 54 1 114 0
20150831 34 1 24 0
20150831 72 1 31 0
20150831 11 1 93 0
20150831 9 1 39 0
20150831 21 1 56 0
20150831 51 1 125 0
20150831 26 1 15 0
20150831 19 1 127 0
20150831 50 1 79 0
20150831 53 1 71 0
20150831 41 1 14 0
20150831 16 1 160 0
20150831 74 1 27 0
20150831 52 1 29 0
20150831 13 1 17 0
20150831 12 1 32 0
20150831 55 1 25 0
20150831 54 1 34 0
20150831 11 1 72 0
20150831 9 1 21 0
20150831 51 1 26 0
20150831 50 1 19 0
20150831 53 1 41 0
20150831 16 1 74 0
20150831 52 1 13 0
20150831 55 1 12 0
20150831 11 1 54 0
20150831 9 1 51 0
20150831 53 1 50 0
20150831 16 1 52 0
20150831 11 1 55 0
20150831 9 1 53 0
20150831 11 1 16 0
20150831 9 1 11 0
20150823 37 1 5 0
20150823 22 1 79 0
20150823 36 1 98 0
20150823 116 1 91 0
20150823 106 1 74 0
20150823 133 1 171 0
20150823 140 1 163 0
20150823 120 1 80 0
20150823 161 1 136 0
20150823 44 1 117 0
20150823 90 1 33 0
20150823 110 1 146 0
20150823 60 1 93 0
20150823 152 1 115 0
20150823 31 1 77 0
20150823 71 1 46 0
20150823 37 1 49 0
20150823 22 1 85 0
20150823 36 1 61 0
20150823 116 1 86 0
20150823 50 1 106 0
20150823 69 1 133 0
20150823 140 1 19 0
20150823 120 1 32 0
20150823 17 1 161 0
20150823 34 1 44 0
20150823 18 1 90 0
20150823 110 1 27 0
20150823 47 1 60 0
20150823 152 1 147 0
20150823 73 1 31 0
20150823 52 1 71 0
20150823 22 1 37 0
20150823 36 1 116 0
20150823 69 1 50 0
20150823 120 1 140 0
20150823 17 1 34 0
20150823 110 1 18 0
20150823 47 1 152 0
20150823 52 1 73 0
20150823 22 1 36 0
20150823 69 1 120 0
20150823 110 1 17 0
20150823 52 1 47 0
20150823 22 1 69 0
20150823 52 1 110 0
20150823 52 1 22 0
20150816 19 1 62 0
20150816 48 1 50 0
20150816 56 1 120 0
20150816 24 1 49 0
20150816 44 1 29 0
20150816 47 1 81 0
20150816 25 1 79 0
20150816 171 1 46 0
20150816 73 1 20 0
20150816 86 1 54 0
20150816 127 1 147 0
20150816 17 1 34 0
20150816 61 1 72 0
20150816 90 1 26 0
20150816 55 1 58 0
20150816 35 1 31 0
20150816 59 1 76 0
20150816 150 1 27 0
20150816 41 1 100 0
20150816 39 1 30 0
20150816 51 1 125 0
20150816 52 1 43 0
20150816 28 1 165 0
20150816 21 1 40 0
20150816 9 1 19 0
20150816 56 1 48 0
20150816 24 1 44 0
20150816 16 1 47 0
20150816 33 1 25 0
20150816 73 1 171 0
20150816 127 1 86 0
20150816 12 1 17 0
20150816 53 1 61 0
20150816 55 1 90 0
20150816 35 1 59 0
20150816 13 1 150 0
20150816 15 1 41 0
20150816 51 1 39 0
20150816 52 1 28 0
20150816 11 1 21 0
20150816 9 1 56 0
20150816 16 1 24 0
20150816 33 1 73 0
20150816 12 1 127 0
20150816 55 1 53 0
20150816 13 1 35 0
20150816 51 1 15 0
20150816 11 1 52 0
20150816 9 1 16 0
20150816 33 1 12 0
20150816 13 1 55 0
20150816 11 1 51 0
20150816 9 1 33 0
20150816 11 1 13 0
20150816 11 1 9 0
20150810 17 1 40 0
20150810 28 1 30 0
20150810 35 1 33 0
20150810 31 1 52 0
20150810 77 1 29 0
20150810 74 1 76 0
20150810 58 1 48 0
20150810 59 1 120 0
20150810 54 1 88 0
20150810 41 1 46 0
20150810 43 1 140 0
20150810 24 1 73 0
20150810 79 1 172 0
20150810 114 1 27 0
20150810 49 1 39 0
20150810 56 1 69 0
20150810 86 1 44 0
20150810 147 1 173 0
20150810 25 1 61 0
20150810 21 1 167 0
20150810 50 1 47 0
20150810 20 1 26 0
20150810 62 1 174 0
20150810 127 1 51 0
20150810 9 1 17 0
20150810 28 1 35 0
20150810 77 1 31 0
20150810 74 1 12 0
20150810 58 1 16 0
20150810 54 1 59 0
20150810 41 1 43 0
20150810 24 1 125 0
20150810 15 1 79 0
20150810 114 1 49 0
20150810 56 1 86 0
20150810 10 1 147 0
20150810 25 1 53 0
20150810 50 1 21 0
20150810 62 1 20 0
20150810 13 1 127 0
20150810 9 1 28 0
20150810 77 1 74 0
20150810 54 1 58 0
20150810 41 1 24 0
20150810 15 1 114 0
20150810 10 1 56 0
20150810 50 1 25 0
20150810 13 1 62 0
20150810 9 1 77 0
20150810 41 1 54 0
20150810 10 1 15 0
20150810 13 1 50 0
20150810 9 1 41 0
20150810 13 1 10 0
20150810 13 1 9 0
20150803 105 1 146 0
20150803 70 1 104 0
20150803 152 1 94 0
20150803 96 1 37 0
20150803 60 1 175 0
20150803 72 1 101 0
20150803 80 1 176 0
20150803 91 1 36 0
20150803 97 1 103 0
20150803 64 1 34 0
20150803 166 1 115 0
20150803 45 1 114 0
20150803 29 1 105 0
20150803 70 1 152 0
20150803 26 1 96 0
20150803 72 1 60 0
20150803 91 1 80 0
20150803 97 1 44 0
20150803 64 1 166 0
20150803 45 1 39 0
20150803 29 1 70 0
20150803 72 1 26 0
20150803 97 1 91 0
20150803 64 1 45 0
20150803 72 1 29 0
20150803 97 1 64 0
20150803 72 1 97 0
20150803 18 1 88 0
20150803 109 1 120 0
20150803 74 1 98 0
20150803 128 1 177 0
20150803 62 1 110 0
20150803 160 1 178 0
20150803 69 1 155 0
20150803 6 1 179 0
20150803 81 1 129 0
20150803 33 1 149 0
20150803 121 1 180 0
20150803 140 1 151 0
20150803 169 1 170 0
20150803 133 1 17 0
20150803 181 1 76 0
20150803 136 1 162 0
20150803 18 1 13 0
20150803 109 1 40 0
20150803 59 1 74 0
20150803 54 1 128 0
20150803 55 1 62 0
20150803 28 1 160 0
20150803 69 1 25 0
20150803 35 1 6 0
20150803 81 1 52 0
20150803 33 1 24 0
20150803 86 1 121 0
20150803 53 1 140 0
20150803 51 1 169 0
20150803 133 1 27 0
20150803 43 1 181 0
20150803 10 1 136 0
20150803 109 1 18 0
20150803 54 1 59 0
20150803 28 1 55 0
20150803 69 1 35 0
20150803 81 1 33 0
20150803 53 1 86 0
20150803 133 1 51 0
20150803 10 1 43 0
20150803 54 1 109 0
20150803 69 1 28 0
20150803 53 1 81 0
20150803 10 1 133 0
20150803 54 1 69 0
20150803 10 1 53 0
20150803 10 1 54 0
20150727 182 1 65 0
20150727 106 1 183 0
20150727 61 1 75 0
20150727 45 1 184 0
20150727 185 1 146 0
20150727 17 1 186 0
20150727 36 1 114 0
20150727 80 1 38 0
20150727 91 1 78 0
20150727 60 1 2 0
20150727 117 1 107 0
20150727 187 1 188 0
20150727 56 1 182 0
20150727 61 1 106 0
20150727 147 1 45 0
20150727 17 1 185 0
20150727 36 1 80 0
20150727 29 1 91 0
20150727 60 1 117 0
20150727 51 1 187 0
20150727 56 1 61 0
20150727 17 1 147 0
20150727 29 1 36 0
20150727 51 1 60 0
20150727 56 1 17 0
20150727 29 1 51 0
20150727 29 1 56 0
20150727 95 1 189 0
20150727 109 1 149 0
20150727 69 1 155 0
20150727 76 1 162 0
20150727 151 1 150 0
20150727 88 1 154 0
20150727 62 1 74 0
20150727 171 1 190 0
20150727 121 1 33 0
20150727 85 1 130 0
20150727 133 1 161 0
20150727 120 1 110 0
20150727 54 1 95 0
20150727 109 1 69 0
20150727 76 1 28 0
20150727 151 1 88 0
20150727 62 1 171 0
20150727 121 1 30 0
20150727 85 1 133 0
20150727 59 1 120 0
20150727 54 1 109 0
20150727 76 1 151 0
20150727 62 1 121 0
20150727 85 1 59 0
20150727 54 1 76 0
20150727 85 1 62 0
20150727 54 1 85 0
20150727 15 1 48 0
20150727 34 1 105 0
20150727 73 1 67 0
20150727 40 1 152 0
20150727 39 1 44 0
20150727 158 1 70 0
20150727 116 1 31 0
20150727 191 1 32 0
20150727 26 1 41 0
20150727 94 1 64 0
20150727 37 1 115 0
20150727 21 1 47 0
20150727 176 1 77 0
20150727 42 1 3 0
20150727 19 1 72 0
20150727 127 1 81 0
20150727 15 1 34 0
20150727 40 1 73 0
20150727 39 1 158 0
20150727 116 1 191 0
20150727 26 1 94 0
20150727 37 1 21 0
20150727 42 1 176 0
20150727 19 1 127 0
20150727 15 1 40 0
20150727 39 1 116 0
20150727 26 1 37 0
20150727 42 1 19 0
20150727 15 1 39 0
20150727 26 1 42 0
20150727 15 1 26 0
20150720 192 1 114 0
20150720 2 1 193 0
20150720 72 1 60 0
20150720 45 1 194 0
20150720 105 1 195 0
20150720 44 1 36 0
20150720 26 1 34 0
20150720 168 1 31 0
20150720 61 1 196 0
20150720 47 1 38 0
20150720 37 1 197 0
20150720 188 1 65 0
20150720 20 1 192 0
20150720 72 1 2 0
20150720 29 1 45 0
20150720 105 1 44 0
20150720 26 1 168 0
20150720 61 1 39 0
20150720 47 1 37 0
20150720 21 1 188 0
20150720 20 1 72 0
20150720 29 1 105 0
20150720 61 1 26 0
20150720 21 1 47 0
20150720 29 1 20 0
20150720 61 1 21 0
20150720 29 1 61 0
20150720 198 1 112 0
20150720 95 1 23 0
20150720 133 1 6 0
20150720 100 1 199 0
20150720 200 1 87 0
20150720 110 1 130 0
20150720 154 1 163 0
20150720 201 1 156 0
20150720 99 1 202 0
20150720 203 1 85 0
20150720 118 1 131 0
20150720 204 1 159 0
20150720 24 1 198 0
20150720 95 1 133 0
20150720 30 1 100 0
20150720 110 1 200 0
20150720 154 1 201 0
20150720 128 1 99 0
20150720 118 1 203 0
20150720 25 1 204 0
20150720 24 1 95 0
20150720 30 1 110 0
20150720 154 1 128 0
20150720 25 1 118 0
20150720 30 1 24 0
20150720 25 1 154 0
20150720 25 1 30 0
20150720 19 1 205 0
20150720 106 1 152 0
20150720 64 1 48 0
20150720 91 1 175 0
20150720 93 1 115 0
20150720 73 1 206 0
20150720 17 1 153 0
20150720 207 1 146 0
20150720 81 1 187 0
20150720 97 1 41 0
20150720 77 1 117 0
20150720 94 1 208 0
20150720 19 1 56 0
20150720 106 1 64 0
20150720 40 1 91 0
20150720 93 1 73 0
20150720 17 1 207 0
20150720 81 1 176 0
20150720 97 1 77 0
20150720 127 1 94 0
20150720 19 1 106 0
20150720 40 1 93 0
20150720 81 1 17 0
20150720 127 1 97 0
20150720 19 1 40 0
20150720 127 1 81 0
20150720 19 1 127 0
20150713 100 1 54 0
20150713 99 1 162 0
20150713 23 1 188 0
20150713 30 1 98 0
20150713 170 1 25 0
20150713 171 1 130 0
20150713 118 1 209 0
20150713 69 1 154 0
20150713 210 1 149 0
20150713 199 1 204 0
20150713 155 1 211 0
20150713 28 1 95 0
20150713 86 1 131 0
20150713 141 1 212 0
20150713 110 1 92 0
20150713 24 1 156 0
20150713 100 1 99 0
20150713 30 1 23 0
20150713 170 1 171 0
20150713 118 1 69 0
20150713 210 1 199 0
20150713 28 1 155 0
20150713 141 1 86 0
20150713 24 1 110 0
20150713 100 1 30 0
20150713 170 1 118 0
20150713 28 1 210 0
20150713 24 1 141 0
20150713 100 1 170 0
20150713 24 1 28 0
20150713 100 1 24 0
20150629 9 1 72 0
20150629 83 1 169 0
20150629 22 1 140 0
20150629 25 1 101 0
20150629 43 1 90 0
20150629 38 1 167 0
20150629 117 1 73 0
20150629 52 1 42 0
20150629 53 1 138 0
20150629 109 1 105 0
20150629 131 1 181 0
20150629 54 1 121 0
20150629 76 1 40 0
20150629 81 1 18 0
20150629 60 1 146 0
20150629 10 1 116 0
20150629 16 1 61 0
20150629 128 1 88 0
20150629 48 1 44 0
20150629 29 1 151 0
20150629 87 1 127 0
20150629 85 1 74 0
20150629 213 1 178 0
20150629 56 1 182 0
20150629 35 1 91 0
20150629 69 1 155 0
20150629 103 1 170 0
20150629 55 1 214 0
20150629 58 1 152 0
20150629 176 1 158 0
20150629 98 1 45 0
20150629 125 1 115 0
20150629 163 1 208 0
20150629 34 1 2 0
20150629 59 1 142 0
20150629 26 1 149 0
20150629 27 1 135 0
20150629 37 1 95 0
20150629 141 1 120 0
20150629 15 1 17 0
20150629 50 1 62 0
20150629 94 1 106 0
20150629 33 1 215 0
20150629 24 1 153 0
20150629 39 1 216 0
20150629 47 1 79 0
20150629 80 1 199 0
20150629 13 1 71 0
20150629 12 1 41 0
20150629 46 1 84 0
20150629 31 1 77 0
20150629 147 1 32 0
20150629 20 1 36 0
20150629 30 1 154 0
20150629 188 1 99 0
20150629 49 1 64 0
20150629 51 1 93 0
20150629 122 1 217 0
20150629 19 1 114 0
20150629 21 1 160 0
20150629 133 1 28 0
20150629 136 1 110 0
20150629 86 1 218 0
20150629 11 1 168 0
20150629 9 1 83 0
20150629 25 1 22 0
20150629 43 1 38 0
20150629 52 1 117 0
20150629 53 1 109 0
20150629 54 1 131 0
20150629 76 1 81 0
20150629 60 1 10 0
20150629 16 1 128 0
20150629 48 1 29 0
20150629 85 1 87 0
20150629 56 1 213 0
20150629 35 1 69 0
20150629 55 1 103 0
20150629 58 1 176 0
20150629 125 1 98 0
20150629 163 1 34 0
20150629 59 1 26 0
20150629 27 1 37 0
20150629 141 1 15 0
20150629 50 1 94 0
20150629 24 1 33 0
20150629 39 1 47 0
20150629 13 1 80 0
20150629 12 1 46 0
20150629 147 1 31 0
20150629 20 1 30 0
20150629 49 1 188 0
20150629 122 1 51 0
20150629 21 1 19 0
20150629 133 1 136 0
20150629 11 1 86 0
20150629 9 1 25 0
20150629 52 1 43 0
20150629 53 1 54 0
20150629 76 1 60 0
20150629 16 1 48 0
20150629 56 1 85 0
20150629 55 1 35 0
20150629 58 1 125 0
20150629 59 1 163 0
20150629 27 1 141 0
20150629 24 1 50 0
20150629 13 1 39 0
20150629 12 1 147 0
20150629 49 1 20 0
20150629 21 1 122 0
20150629 11 1 133 0
20150629 9 1 52 0
20150629 53 1 76 0
20150629 16 1 56 0
20150629 55 1 58 0
20150629 59 1 27 0
20150629 13 1 24 0
20150629 49 1 12 0
20150629 11 1 21 0
20150629 9 1 53 0
20150629 55 1 16 0
20150629 13 1 59 0
20150629 11 1 49 0
20150629 9 1 55 0
20150629 11 1 13 0
20150629 9 1 11 0
20150621 85 1 128 0
20150621 81 1 71 0
20150621 116 1 121 0
20150621 37 1 152 0
20150621 140 1 94 0
20150621 149 1 163 0
20150621 106 1 64 0
20150621 79 1 69 0
20150621 110 1 215 0
20150621 33 1 74 0
20150621 120 1 160 0
20150621 219 1 36 0
20150621 151 1 115 0
20150621 60 1 105 0
20150621 133 1 66 0
20150621 38 1 59 0
20150621 85 1 14 0
20150621 81 1 17 0
20150621 116 1 44 0
20150621 30 1 37 0
20150621 43 1 140 0
20150621 34 1 149 0
20150621 106 1 176 0
20150621 79 1 27 0
20150621 29 1 110 0
20150621 33 1 147 0
20150621 120 1 39 0
20150621 51 1 219 0
20150621 40 1 151 0
20150621 86 1 60 0
20150621 61 1 133 0
20150621 49 1 38 0
20150621 85 1 81 0
20150621 116 1 30 0
20150621 43 1 34 0
20150621 106 1 79 0
20150621 33 1 29 0
20150621 120 1 51 0
20150621 86 1 40 0
20150621 49 1 61 0
20150621 85 1 116 0
20150621 106 1 43 0
20150621 33 1 120 0
20150621 86 1 49 0
20150621 106 1 85 0
20150621 86 1 33 0
20150621 106 1 86 0
20150615 11 1 72 0
20150615 77 1 79 0
20150615 158 1 101 0
20150615 69 1 25 0
20150615 12 1 128 0
20150615 47 1 74 0
20150615 81 1 83 0
20150615 24 1 60 0
20150615 127 1 109 0
20150615 39 1 98 0
20150615 71 1 34 0
20150615 20 1 31 0
20150615 73 1 40 0
20150615 199 1 155 0
20150615 141 1 105 0
20150615 10 1 29 0
20150615 11 1 77 0
20150615 158 1 69 0
20150615 12 1 47 0
20150615 24 1 81 0
20150615 39 1 127 0
20150615 20 1 71 0
20150615 73 1 199 0
20150615 10 1 141 0
20150615 11 1 158 0
20150615 24 1 12 0
20150615 39 1 20 0
20150615 10 1 73 0
20150615 11 1 24 0
20150615 39 1 10 0
20150615 11 1 39 0
20150615 13 1 120 0
20150615 48 1 21 0
20150615 62 1 114 0
20150615 35 1 86 0
20150615 53 1 30 0
20150615 27 1 97 0
20150615 54 1 171 0
20150615 51 1 61 0
20150615 49 1 56 0
20150615 90 1 41 0
20150615 55 1 116 0
20150615 125 1 163 0
20150615 33 1 15 0
20150615 32 1 147 0
20150615 52 1 169 0
20150615 16 1 58 0
20150615 13 1 48 0
20150615 62 1 35 0
20150615 27 1 53 0
20150615 54 1 51 0
20150615 49 1 90 0
20150615 125 1 55 0
20150615 32 1 33 0
20150615 52 1 16 0
20150615 13 1 62 0
20150615 27 1 54 0
20150615 49 1 125 0
20150615 52 1 32 0
20150615 13 1 27 0
20150615 52 1 49 0
20150615 13 1 52 0
20150608 118 1 109 0
20150608 80 1 188 0
20150608 48 1 115 0
20150608 46 1 169 0
20150608 78 1 19 0
20150608 30 1 120 0
20150608 59 1 178 0
20150608 62 1 117 0
20150608 220 1 83 0
20150608 61 1 106 0
20150608 156 1 114 0
20150608 166 1 103 0
20150608 24 1 118 0
20150608 80 1 48 0
20150608 46 1 21 0
20150608 30 1 78 0
20150608 62 1 59 0
20150608 220 1 32 0
20150608 156 1 61 0
20150608 56 1 166 0
20150608 80 1 24 0
20150608 46 1 30 0
20150608 62 1 220 0
20150608 56 1 156 0
20150608 46 1 80 0
20150608 56 1 62 0
20150608 46 1 56 0
20150608 85 1 31 0
20150608 98 1 71 0
20150608 25 1 101 0
20150608 105 1 89 0
20150608 73 1 141 0
20150608 72 1 33 0
20150608 27 1 47 0
20150608 81 1 221 0
20150608 133 1 79 0
20150608 66 1 29 0
20150608 39 1 88 0
20150608 222 1 223 0
20150608 15 1 85 0
20150608 25 1 98 0
20150608 20 1 105 0
20150608 72 1 73 0
20150608 27 1 81 0
20150608 133 1 51 0
20150608 66 1 39 0
20150608 53 1 222 0
20150608 15 1 25 0
20150608 20 1 72 0
20150608 27 1 133 0
20150608 53 1 66 0
20150608 15 1 20 0
20150608 27 1 53 0
20150608 15 1 27 0
20150524 9 1 83 0
20150524 62 1 2 0
20150524 90 1 122 0
20150524 25 1 208 0
20150524 55 1 224 0
20150524 225 1 156 0
20150524 120 1 188 0
20150524 52 1 149 0
20150524 28 1 35 0
20150524 36 1 128 0
20150524 47 1 86 0
20150524 127 1 143 0
20150524 166 1 30 0
20150524 107 1 110 0
20150524 64 1 33 0
20150524 15 1 226 0
20150524 13 1 227 0
20150524 61 1 59 0
20150524 215 1 185 0
20150524 58 1 106 0
20150524 56 1 84 0
20150524 60 1 74 0
20150524 41 1 154 0
20150524 54 1 39 0
20150524 53 1 80 0
20150524 206 1 136 0
20150524 73 1 228 0
20150524 43 1 34 0
20150524 27 1 101 0
20150524 116 1 93 0
20150524 115 1 146 0
20150524 14 1 155 0
20150524 10 1 97 0
20150524 17 1 178 0
20150524 88 1 160 0
20150524 48 1 67 0
20150524 21 1 158 0
20150524 31 1 153 0
20150524 176 1 91 0
20150524 18 1 51 0
20150524 50 1 207 0
20150524 151 1 71 0
20150524 147 1 94 0
20150524 72 1 121 0
20150524 26 1 118 0
20150524 19 1 229 0
20150524 95 1 179 0
20150524 12 1 129 0
20150524 16 1 117 0
20150524 45 1 230 0
20150524 79 1 109 0
20150524 69 1 32 0
20150524 77 1 218 0
20150524 46 1 186 0
20150524 44 1 161 0
20150524 49 1 42 0
20150524 20 1 23 0
20150524 152 1 105 0
20150524 29 1 37 0
20150524 40 1 133 0
20150524 85 1 24 0
20150524 168 1 114 0
20150524 38 1 222 0
20150524 11 1 199 0
20150524 9 1 62 0
20150524 90 1 25 0
20150524 55 1 225 0
20150524 52 1 120 0
20150524 28 1 36 0
20150524 47 1 127 0
20150524 107 1 166 0
20150524 15 1 64 0
20150524 13 1 61 0
20150524 58 1 215 0
20150524 56 1 60 0
20150524 41 1 54 0
20150524 53 1 206 0
20150524 43 1 73 0
20150524 116 1 27 0
20150524 14 1 115 0
20150524 10 1 17 0
20150524 88 1 48 0
20150524 31 1 21 0
20150524 18 1 176 0
20150524 50 1 151 0
20150524 147 1 72 0
20150524 19 1 26 0
20150524 12 1 95 0
20150524 16 1 45 0
20150524 69 1 79 0
20150524 46 1 77 0
20150524 49 1 44 0
20150524 20 1 152 0
20150524 40 1 29 0
20150524 168 1 85 0
20150524 11 1 38 0
20150524 9 1 90 0
20150524 55 1 52 0
20150524 28 1 47 0
20150524 15 1 107 0
20150524 13 1 58 0
20150524 41 1 56 0
20150524 53 1 43 0
20150524 14 1 116 0
20150524 10 1 88 0
20150524 18 1 31 0
20150524 50 1 147 0
20150524 12 1 19 0
20150524 16 1 69 0
20150524 49 1 46 0
20150524 20 1 40 0
20150524 11 1 168 0
20150524 9 1 55 0
20150524 15 1 28 0
20150524 13 1 41 0
20150524 14 1 53 0
20150524 10 1 18 0
20150524 50 1 12 0
20150524 16 1 49 0
20150524 11 1 20 0
20150524 9 1 15 0
20150524 13 1 14 0
20150524 50 1 10 0
20150524 16 1 11 0
20150524 9 1 13 0
20150524 16 1 50 0
20150524 16 1 9 0
20150517 136 1 161 0
20150517 47 1 133 0
20150517 231 1 25 0
20150517 42 1 149 0
20150517 86 1 160 0
20150517 176 1 19 0
20150517 58 1 71 0
20150517 29 1 128 0
20150517 33 1 79 0
20150517 45 1 28 0
20150517 36 1 228 0
20150517 69 1 232 0
20150517 136 1 226 0
20150517 47 1 231 0
20150517 43 1 42 0
20150517 176 1 86 0
20150517 29 1 58 0
20150517 77 1 33 0
20150517 45 1 36 0
20150517 54 1 69 0
20150517 47 1 136 0
20150517 43 1 176 0
20150517 29 1 77 0
20150517 54 1 45 0
20150517 43 1 47 0
20150517 29 1 54 0
20150517 29 1 43 0
20150517 31 1 120 0
20150517 91 1 18 0
20150517 107 1 105 0
20150517 30 1 225 0
20150517 166 1 168 0
20150517 61 1 146 0
20150517 17 1 85 0
20150517 106 1 167 0
20150517 94 1 178 0
20150517 114 1 101 0
20150517 60 1 109 0
20150517 65 1 83 0
20150517 16 1 31 0
20150517 91 1 107 0
20150517 147 1 30 0
20150517 61 1 166 0
20150517 17 1 106 0
20150517 94 1 88 0
20150517 60 1 114 0
20150517 53 1 65 0
20150517 91 1 16 0
20150517 61 1 147 0
20150517 17 1 94 0
20150517 60 1 53 0
20150517 61 1 91 0
20150517 17 1 60 0
20150517 17 1 61 0
20150510 64 1 208 0
20150510 17 1 152 0
20150510 21 1 38 0
20150510 51 1 58 0
20150510 27 1 25 0
20150510 34 1 77 0
20150510 41 1 31 0
20150510 56 1 206 0
20150510 50 1 86 0
20150510 32 1 53 0
20150510 33 1 44 0
20150510 55 1 195 0
20150510 176 1 45 0
20150510 29 1 116 0
20150510 49 1 28 0
20150510 54 1 61 0
20150510 43 1 233 0
20150510 117 1 30 0
20150510 234 1 60 0
20150510 26 1 69 0
20150510 35 1 73 0
20150510 52 1 158 0
20150510 72 1 74 0
20150510 40 1 2 0
20150510 9 1 64 0
20150510 17 1 21 0
20150510 27 1 51 0
20150510 10 1 34 0
20150510 13 1 41 0
20150510 56 1 50 0
20150510 32 1 33 0
20150510 14 1 55 0
20150510 16 1 176 0
20150510 29 1 49 0
20150510 54 1 43 0
20150510 15 1 117 0
20150510 12 1 234 0
20150510 26 1 35 0
20150510 52 1 72 0
20150510 11 1 40 0
20150510 9 1 17 0
20150510 10 1 27 0
20150510 56 1 13 0
20150510 14 1 32 0
20150510 16 1 29 0
20150510 15 1 54 0
20150510 12 1 26 0
20150510 11 1 52 0
20150510 9 1 10 0
20150510 14 1 56 0
20150510 16 1 15 0
20150510 11 1 12 0
20150510 9 1 14 0
20150510 11 1 16 0
20150510 9 1 11 0
20150503 58 1 115 0
20150503 17 1 41 0
20150503 54 1 30 0
20150503 50 1 31 0
20150503 28 1 147 0
20150503 55 1 24 0
20150503 69 1 159 0
20150503 208 1 25 0
20150503 116 1 52 0
20150503 35 1 74 0
20150503 26 1 60 0
20150503 61 1 73 0
20150503 94 1 40 0
20150503 48 1 32 0
20150503 53 1 34 0
20150503 21 1 220 0
20150503 86 1 90 0
20150503 56 1 77 0
20150503 176 1 64 0
20150503 43 1 62 0
20150503 51 1 88 0
20150503 20 1 27 0
20150503 38 1 44 0
20150503 72 1 199 0
20150503 58 1 11 0
20150503 54 1 17 0
20150503 50 1 28 0
20150503 12 1 55 0
20150503 15 1 69 0
20150503 116 1 208 0
20150503 35 1 26 0
20150503 16 1 61 0
20150503 14 1 94 0
20150503 48 1 53 0
20150503 21 1 86 0
20150503 10 1 56 0
20150503 125 1 176 0
20150503 43 1 51 0
20150503 38 1 20 0
20150503 13 1 72 0
20150503 54 1 58 0
20150503 12 1 50 0
20150503 15 1 116 0
20150503 35 1 16 0
20150503 14 1 48 0
20150503 10 1 21 0
20150503 125 1 43 0
20150503 13 1 38 0
20150503 12 1 54 0
20150503 15 1 35 0
20150503 10 1 14 0
20150503 13 1 125 0
20150503 15 1 12 0
20150503 13 1 10 0
20150503 13 1 15 0
20150427 83 1 117 0
20150427 115 1 108 0
20150427 71 1 135 0
20150427 65 1 168 0
20150427 166 1 93 0
20150427 152 1 188 0
20150427 17 1 114 0
20150427 106 1 19 0
20150427 18 1 107 0
20150427 179 1 105 0
20150427 45 1 90 0
20150427 143 1 122 0
20150427 11 1 83 0
20150427 115 1 71 0
20150427 60 1 65 0
20150427 152 1 166 0
20150427 17 1 106 0
20150427 40 1 18 0
20150427 179 1 45 0
20150427 35 1 143 0
20150427 11 1 115 0
20150427 152 1 60 0
20150427 40 1 17 0
20150427 35 1 179 0
20150427 11 1 152 0
20150427 40 1 35 0
20150427 11 1 40 0
20150427 66 1 101 0
20150427 79 1 235 0
20150427 31 1 158 0
20150427 95 1 4 0
20150427 128 1 27 0
20150427 167 1 25 0
20150427 72 1 34 0
20150427 81 1 88 0
20150427 116 1 141 0
20150427 26 1 192 0
20150427 29 1 59 0
20150427 147 1 146 0
20150427 13 1 66 0
20150427 31 1 79 0
20150427 21 1 95 0
20150427 128 1 167 0
20150427 72 1 81 0
20150427 56 1 116 0
20150427 29 1 26 0
20150427 104 1 147 0
20150427 13 1 31 0
20150427 21 1 128 0
20150427 72 1 56 0
20150427 104 1 29 0
20150427 13 1 21 0
20150427 72 1 104 0
20150427 13 1 72 0
20150427 80 1 109 0
20150427 84 1 159 0
20150427 58 1 94 0
20150427 36 1 236 0
20150427 70 1 237 0
20150427 62 1 238 0
20150427 55 1 178 0
20150427 103 1 229 0
20150427 64 1 185 0
20150427 47 1 41 0
20150427 239 1 61 0
20150427 32 1 240 0
20150427 80 1 51 0
20150427 58 1 84 0
20150427 36 1 241 0
20150427 62 1 70 0
20150427 55 1 103 0
20150427 64 1 43 0
20150427 47 1 239 0
20150427 32 1 52 0
20150427 58 1 80 0
20150427 36 1 62 0
20150427 55 1 64 0
20150427 32 1 47 0
20150427 58 1 36 0
20150427 55 1 32 0
20150427 55 1 58 0
20150420 18 1 36 0
20150420 61 1 103 0
20150420 240 1 101 0
20150420 17 1 99 0
20150420 128 1 29 0
20150420 176 1 159 0
20150420 71 1 146 0
20150420 38 1 178 0
20150420 19 1 191 0
20150420 107 1 242 0
20150420 153 1 243 0
20150420 70 1 109 0
20150420 117 1 163 0
20150420 147 1 94 0
20150420 65 1 48 0
20150420 64 1 2 0
20150420 10 1 18 0
20150420 60 1 61 0
20150420 40 1 240 0
20150420 21 1 17 0
20150420 128 1 53 0
20150420 44 1 176 0
20150420 127 1 71 0
20150420 38 1 50 0
20150420 19 1 77 0
20150420 72 1 107 0
20150420 153 1 58 0
20150420 14 1 70 0
20150420 51 1 117 0
20150420 147 1 43 0
20150420 26 1 65 0
20150420 15 1 64 0
20150420 10 1 60 0
20150420 21 1 40 0
20150420 44 1 128 0
20150420 127 1 38 0
20150420 72 1 19 0
20150420 14 1 153 0
20150420 147 1 51 0
20150420 26 1 15 0
20150420 10 1 21 0
20150420 44 1 127 0
20150420 14 1 72 0
20150420 147 1 26 0
20150420 10 1 44 0
20150420 147 1 14 0
20150420 10 1 147 0
20150420 167 1 195 0
20150420 244 1 106 0
20150420 115 1 27 0
20150420 47 1 79 0
20150420 110 1 158 0
20150420 34 1 152 0
20150420 32 1 245 0
20150420 85 1 93 0
20150420 45 1 246 0
20150420 116 1 143 0
20150420 105 1 179 0
20150420 114 1 220 0
20150420 49 1 167 0
20150420 115 1 244 0
20150420 24 1 47 0
20150420 34 1 110 0
20150420 32 1 85 0
20150420 31 1 45 0
20150420 116 1 105 0
20150420 20 1 114 0
20150420 115 1 49 0
20150420 34 1 24 0
20150420 32 1 31 0
20150420 20 1 116 0
20150420 34 1 115 0
20150420 32 1 20 0
20150420 32 1 34 0
20150412 94 1 80 0
20150412 25 1 31 0
20150412 105 1 77 0
20150412 50 1 101 0
20150412 56 1 63 0
20150412 158 1 114 0
20150412 42 1 29 0
20150412 27 1 44 0
20150412 54 1 69 0
20150412 49 1 247 0
20150412 19 1 76 0
20150412 128 1 116 0
20150412 79 1 36 0
20150412 72 1 71 0
20150412 21 1 88 0
20150412 127 1 39 0
20150412 38 1 30 0
20150412 61 1 23 0
20150412 176 1 34 0
20150412 26 1 73 0
20150412 35 1 48 0
20150412 20 1 107 0
20150412 33 1 47 0
20150412 41 1 152 0
20150412 9 1 94 0
20150412 105 1 25 0
20150412 50 1 56 0
20150412 53 1 158 0
20150412 15 1 42 0
20150412 54 1 27 0
20150412 49 1 19 0
20150412 14 1 128 0
20150412 12 1 79 0
20150412 21 1 72 0
20150412 127 1 38 0
20150412 125 1 61 0
20150412 16 1 176 0
20150412 35 1 26 0
20150412 20 1 33 0
20150412 11 1 41 0
20150412 9 1 105 0
20150412 53 1 50 0
20150412 15 1 54 0
20150412 14 1 49 0
20150412 12 1 21 0
20150412 125 1 127 0
20150412 35 1 16 0
20150412 20 1 11 0
20150412 9 1 53 0
20150412 15 1 14 0
20150412 12 1 125 0
20150412 20 1 35 0
20150412 9 1 15 0
20150412 12 1 20 0
20150412 9 1 12 0
20150406 248 1 80 0
20150406 115 1 110 0
20150406 71 1 94 0
20150406 114 1 249 0
20150406 37 1 230 0
20150406 250 1 152 0
20150406 105 1 101 0
20150406 147 1 251 0
20150406 168 1 97 0
20150406 225 1 36 0
20150406 64 1 67 0
20150406 141 1 107 0
20150406 248 1 32 0
20150406 115 1 71 0
20150406 34 1 114 0
20150406 37 1 250 0
20150406 105 1 147 0
20150406 168 1 38 0
20150406 64 1 225 0
20150406 44 1 141 0
20150406 115 1 248 0
20150406 34 1 37 0
20150406 168 1 105 0
20150406 44 1 64 0
20150406 115 1 34 0
20150406 44 1 168 0
20150406 44 1 115 0
20150406 133 1 128 0
20150406 69 1 74 0
20150406 86 1 178 0
20150406 18 1 149 0
20150406 140 1 227 0
20150406 48 1 2 0
20150406 41 1 45 0
20150406 121 1 169 0
20150406 91 1 109 0
20150406 60 1 175 0
20150406 167 1 8 0
20150406 28 1 146 0
20150406 51 1 133 0
20150406 86 1 69 0
20150406 18 1 54 0
20150406 48 1 140 0
20150406 41 1 121 0
20150406 52 1 91 0
20150406 60 1 167 0
20150406 28 1 21 0
20150406 86 1 51 0
20150406 48 1 18 0
20150406 52 1 41 0
20150406 28 1 60 0
20150406 86 1 48 0
20150406 28 1 52 0
20150406 28 1 86 0
20150325 44 1 2 0
20150325 93 1 110 0
20150325 17 1 169 0
20150325 33 1 109 0
20150325 71 1 69 0
20150325 199 1 154 0
20150325 81 1 133 0
20150325 91 1 34 0
20150325 114 1 143 0
20150325 116 1 85 0
20150325 47 1 105 0
20150325 73 1 23 0
20150325 59 1 252 0
20150325 65 1 36 0
20150325 166 1 162 0
20150325 18 1 147 0
20150325 225 1 90 0
20150325 94 1 61 0
20150325 28 1 121 0
20150325 29 1 152 0
20150325 86 1 128 0
20150325 83 1 178 0
20150325 80 1 215 0
20150325 74 1 120 0
20150325 140 1 38 0
20150325 130 1 106 0
20150325 84 1 45 0
20150325 149 1 204 0
20150325 176 1 160 0
20150325 101 1 88 0
20150325 136 1 168 0
20150325 64 1 79 0
20150325 9 1 44 0
20150325 93 1 62 0
20150325 17 1 40 0
20150325 33 1 127 0
20150325 49 1 71 0
20150325 199 1 24 0
20150325 31 1 81 0
20150325 14 1 91 0
20150325 10 1 114 0
20150325 27 1 116 0
20150325 56 1 47 0
20150325 73 1 21 0
20150325 35 1 59 0
20150325 54 1 65 0
20150325 41 1 166 0
20150325 125 1 18 0
20150325 16 1 225 0
20150325 30 1 94 0
20150325 28 1 26 0
20150325 29 1 51 0
20150325 52 1 86 0
20150325 43 1 83 0
20150325 60 1 80 0
20150325 13 1 74 0
20150325 12 1 140 0
20150325 25 1 130 0
20150325 20 1 84 0
20150325 50 1 149 0
20150325 176 1 77 0
20150325 32 1 101 0
20150325 48 1 136 0
20150325 15 1 64 0
20150325 9 1 93 0
20150325 33 1 17 0
20150325 49 1 199 0
20150325 14 1 31 0
20150325 10 1 27 0
20150325 56 1 73 0
20150325 54 1 35 0
20150325 125 1 41 0
20150325 30 1 16 0
20150325 29 1 28 0
20150325 52 1 43 0
20150325 13 1 60 0
20150325 12 1 25 0
20150325 20 1 50 0
20150325 176 1 32 0
20150325 48 1 15 0
20150325 9 1 33 0
20150325 14 1 49 0
20150325 10 1 56 0
20150325 54 1 125 0
20150325 29 1 30 0
20150325 13 1 52 0
20150325 12 1 20 0
20150325 176 1 48 0
20150325 9 1 14 0
20150325 54 1 10 0
20150325 13 1 29 0
20150325 12 1 176 0
20150325 9 1 54 0
20150325 13 1 12 0
20150325 9 1 13 0
20150312 85 1 34 0
20150312 94 1 27 0
20150312 166 1 253 0
20150312 91 1 45 0
20150312 176 1 18 0
20150312 90 1 101 0
20150312 47 1 105 0
20150312 179 1 61 0
20150312 59 1 71 0
20150312 149 1 88 0
20150312 30 1 66 0
20150312 115 1 133 0
20150312 23 1 178 0
20150312 83 1 243 0
20150312 136 1 29 0
20150312 162 1 150 0
20150312 116 1 17 0
20150312 33 1 173 0
20150312 143 1 141 0
20150312 58 1 76 0
20150312 110 1 118 0
20150312 154 1 128 0
20150312 74 1 36 0
20150312 218 1 84 0
20150312 80 1 254 0
20150312 44 1 147 0
20150312 69 1 38 0
20150312 79 1 86 0
20150312 106 1 130 0
20150312 28 1 120 0
20150312 255 1 114 0
20150312 152 1 73 0
20150312 9 1 85 0
20150312 94 1 256 0
20150312 54 1 166 0
20150312 52 1 91 0
20150312 176 1 53 0
20150312 90 1 32 0
20150312 25 1 47 0
20150312 14 1 179 0
20150312 13 1 59 0
20150312 72 1 149 0
20150312 30 1 26 0
20150312 77 1 115 0
20150312 51 1 23 0
20150312 40 1 83 0
20150312 48 1 136 0
20150312 10 1 162 0
20150312 125 1 116 0
20150312 33 1 60 0
20150312 127 1 143 0
20150312 35 1 58 0
20150312 49 1 110 0
20150312 154 1 55 0
20150312 74 1 41 0
20150312 15 1 218 0
20150312 80 1 16 0
20150312 31 1 44 0
20150312 69 1 24 0
20150312 12 1 79 0
20150312 21 1 106 0
20150312 28 1 62 0
20150312 39 1 255 0
20150312 11 1 152 0
20150312 9 1 94 0
20150312 54 1 52 0
20150312 90 1 176 0
20150312 25 1 14 0
20150312 13 1 72 0
20150312 30 1 77 0
20150312 51 1 40 0
20150312 10 1 48 0
20150312 125 1 33 0
20150312 127 1 35 0
20150312 49 1 154 0
20150312 15 1 74 0
20150312 31 1 80 0
20150312 12 1 69 0
20150312 28 1 21 0
20150312 11 1 39 0
20150312 9 1 54 0
20150312 25 1 90 0
20150312 13 1 30 0
20150312 51 1 10 0
20150312 125 1 127 0
20150312 15 1 49 0
20150312 12 1 31 0
20150312 11 1 28 0
20150312 9 1 25 0
20150312 13 1 51 0
20150312 125 1 15 0
20150312 11 1 12 0
20150312 9 1 13 0
20150312 11 1 125 0
20150312 9 1 11 0
20150223 9 1 59 0
20150223 143 1 257 0
20150223 117 1 81 0
20150223 51 1 163 0
20150223 12 1 41 0
20150223 116 1 42 0
20150223 79 1 31 0
20150223 106 1 77 0
20150223 85 1 56 0
20150223 47 1 110 0
20150223 61 1 258 0
20150223 13 1 62 0
20150223 21 1 29 0
20150223 55 1 39 0
20150223 48 1 32 0
20150223 11 1 114 0
20150223 9 1 143 0
20150223 117 1 51 0
20150223 12 1 116 0
20150223 79 1 106 0
20150223 47 1 85 0
20150223 13 1 61 0
20150223 55 1 21 0
20150223 11 1 48 0
20150223 9 1 117 0
20150223 12 1 79 0
20150223 47 1 13 0
20150223 11 1 55 0
20150223 9 1 12 0
20150223 11 1 47 0
20150223 11 1 9 0
20150223 227 1 70 0
20150223 2 1 17 0
20150223 91 1 36 0
20150223 225 1 152 0
20150223 217 1 5 0
20150223 181 1 34 0
20150223 43 1 185 0
20150223 176 1 230 0
20150223 259 1 260 0
20150223 64 1 147 0
20150223 94 1 182 0
20150223 261 1 83 0
20150223 15 1 227 0
20150223 91 1 2 0
20150223 225 1 26 0
20150223 181 1 217 0
20150223 176 1 43 0
20150223 40 1 259 0
20150223 64 1 94 0
20150223 127 1 261 0
20150223 15 1 91 0
20150223 225 1 181 0
20150223 176 1 40 0
20150223 64 1 127 0
20150223 15 1 225 0
20150223 176 1 64 0
20150223 15 1 176 0
20150223 10 1 159 0
20150223 120 1 128 0
20150223 105 1 80 0
20150223 33 1 133 0
20150223 52 1 141 0
20150223 69 1 179 0
20150223 27 1 262 0
20150223 60 1 130 0
20150223 24 1 18 0
20150223 45 1 90 0
20150223 162 1 74 0
20150223 35 1 84 0
20150223 88 1 251 0
20150223 25 1 30 0
20150223 178 1 38 0
20150223 14 1 218 0
20150223 10 1 120 0
20150223 33 1 105 0
20150223 52 1 69 0
20150223 27 1 60 0
20150223 24 1 45 0
20150223 162 1 35 0
20150223 25 1 88 0
20150223 14 1 178 0
20150223 10 1 33 0
20150223 52 1 27 0
20150223 162 1 24 0
20150223 14 1 25 0
20150223 10 1 52 0
20150223 14 1 162 0
20150223 14 1 10 0
20150216 15 1 17 0
20150216 36 1 225 0
20150216 70 1 230 0
20150216 40 1 64 0
20150216 26 1 34 0
20150216 147 1 2 0
20150216 91 1 152 0
20150216 44 1 45 0
20150216 181 1 43 0
20150216 146 1 227 0
20150216 105 1 94 0
20150216 127 1 153 0
20150216 176 1 60 0
20150216 83 1 5 0
20150216 243 1 8 0
20150216 14 1 115 0
20150216 15 1 36 0
20150216 40 1 70 0
20150216 26 1 147 0
20150216 91 1 44 0
20150216 146 1 181 0
20150216 105 1 127 0
20150216 176 1 83 0
20150216 14 1 243 0
20150216 15 1 40 0
20150216 26 1 91 0
20150216 105 1 146 0
20150216 14 1 176 0
20150216 26 1 15 0
20150216 14 1 105 0
20150216 14 1 26 0
20150216 116 1 208 0
20150216 107 1 143 0
20150216 20 1 81 0
20150216 59 1 80 0
20150216 29 1 61 0
20150216 56 1 73 0
20150216 49 1 22 0
20150216 47 1 106 0
20150216 41 1 263 0
20150216 79 1 31 0
20150216 101 1 46 0
20150216 19 1 97 0
20150216 116 1 125 0
20150216 20 1 107 0
20150216 21 1 59 0
20150216 29 1 56 0
20150216 49 1 47 0
20150216 41 1 77 0
20150216 79 1 101 0
20150216 16 1 19 0
20150216 20 1 116 0
20150216 21 1 29 0
20150216 49 1 41 0
20150216 79 1 16 0
20150216 20 1 21 0
20150216 49 1 79 0
20150216 49 1 20 0
20150216 52 1 170 0
20150216 120 1 133 0
20150216 76 1 155 0
20150216 30 1 264 0
20150216 24 1 141 0
20150216 90 1 84 0
20150216 65 1 151 0
20150216 69 1 71 0
20150216 159 1 86 0
20150216 74 1 179 0
20150216 149 1 265 0
20150216 33 1 18 0
20150216 27 1 185 0
20150216 25 1 110 0
20150216 129 1 218 0
20150216 178 1 54 0
20150216 120 1 52 0
20150216 30 1 76 0
20150216 24 1 90 0
20150216 69 1 65 0
20150216 74 1 159 0
20150216 33 1 149 0
20150216 25 1 27 0
20150216 129 1 178 0
20150216 30 1 120 0
20150216 24 1 69 0
20150216 74 1 33 0
20150216 25 1 129 0
20150216 24 1 30 0
20150216 74 1 25 0
20150216 24 1 74 0
20150209 13 1 46 0
20150209 59 1 72 0
20150209 41 1 256 0
20150209 49 1 61 0
20150209 12 1 251 0
20150209 39 1 80 0
20150209 20 1 23 0
20150209 21 1 81 0
20150209 35 1 97 0
20150209 62 1 56 0
20150209 32 1 106 0
20150209 16 1 266 0
20150209 29 1 77 0
20150209 79 1 38 0
20150209 116 1 31 0
20150209 125 1 107 0
20150209 13 1 59 0
20150209 49 1 41 0
20150209 12 1 39 0
20150209 20 1 21 0
20150209 62 1 35 0
20150209 16 1 32 0
20150209 79 1 29 0
20150209 125 1 116 0
20150209 49 1 13 0
20150209 12 1 20 0
20150209 16 1 62 0
20150209 125 1 79 0
20150209 12 1 49 0
20150209 16 1 125 0
20150209 16 1 12 0
20150209 162 1 110 0
20150209 130 1 71 0
20150209 24 1 155 0
20150209 179 1 18 0
20150209 171 1 265 0
20150209 86 1 88 0
20150209 74 1 30 0
20150209 76 1 90 0
20150209 25 1 218 0
20150209 69 1 84 0
20150209 141 1 178 0
20150209 133 1 120 0
20150209 10 1 162 0
20150209 130 1 24 0
20150209 54 1 179 0
20150209 86 1 171 0
20150209 74 1 76 0
20150209 25 1 33 0
20150209 69 1 141 0
20150209 52 1 133 0
20150209 10 1 130 0
20150209 86 1 54 0
20150209 74 1 25 0
20150209 52 1 69 0
20150209 10 1 86 0
20150209 52 1 74 0
20150209 10 1 52 0
20150209 243 1 176 0
20150209 45 1 147 0
20150209 48 1 230 0
20150209 94 1 8 0
20150209 146 1 36 0
20150209 44 1 17 0
20150209 60 1 186 0
20150209 225 1 6 0
20150209 152 1 2 0
20150209 40 1 34 0
20150209 217 1 91 0
20150209 64 1 181 0
20150209 208 1 243 0
20150209 45 1 48 0
20150209 43 1 94 0
20150209 146 1 44 0
20150209 60 1 225 0
20150209 26 1 152 0
20150209 40 1 217 0
20150209 64 1 127 0
20150209 208 1 45 0
20150209 146 1 43 0
20150209 60 1 26 0
20150209 40 1 64 0
20150209 208 1 146 0
20150209 40 1 60 0
20150209 40 1 208 0
20150202 159 1 217 0
20150202 177 1 267 0
20150202 45 1 208 0
20150202 104 1 105 0
20150202 199 1 146 0
20150202 2 1 204 0
20150202 128 1 268 0
20150202 261 1 111 0
20150202 115 1 242 0
20150202 17 1 269 0
20150202 182 1 130 0
20150202 70 1 227 0
20150202 51 1 159 0
20150202 45 1 177 0
20150202 48 1 104 0
20150202 2 1 199 0
20150202 128 1 261 0
20150202 44 1 115 0
20150202 17 1 182 0
20150202 70 1 60 0
20150202 51 1 45 0
20150202 48 1 2 0
20150202 128 1 44 0
20150202 17 1 70 0
20150202 51 1 48 0
20150202 128 1 17 0
20150202 128 1 51 0
20150202 85 1 196 0
20150202 79 1 47 0
20150202 114 1 188 0
20150202 168 1 154 0
20150202 121 1 222 0
20150202 27 1 156 0
20150202 39 1 80 0
20150202 163 1 270 0
20150202 109 1 155 0
20150202 38 1 166 0
20150202 179 1 197 0
20150202 218 1 173 0
20150202 85 1 24 0
20150202 114 1 79 0
20150202 32 1 168 0
20150202 27 1 121 0
20150202 39 1 163 0
20150202 109 1 62 0
20150202 38 1 179 0
20150202 218 1 30 0
20150202 85 1 114 0
20150202 32 1 27 0
20150202 39 1 109 0
20150202 38 1 218 0
20150202 32 1 85 0
20150202 39 1 38 0
20150202 32 1 39 0
20150202 103 1 117 0
20150202 93 1 118 0
20150202 83 1 101 0
20150202 42 1 271 0
20150202 151 1 246 0
20150202 106 1 110 0
20150202 61 1 272 0
20150202 251 1 142 0
20150202 97 1 67 0
20150202 73 1 141 0
20150202 19 1 122 0
20150202 23 1 273 0
20150202 20 1 103 0
20150202 93 1 83 0
20150202 55 1 42 0
20150202 106 1 151 0
20150202 61 1 251 0
20150202 72 1 97 0
20150202 73 1 19 0
20150202 49 1 23 0
20150202 20 1 93 0
20150202 55 1 106 0
20150202 61 1 72 0
20150202 73 1 49 0
20150202 55 1 20 0
20150202 73 1 61 0
20150202 55 1 73 0
20150119 9 1 37 0
20150119 107 1 94 0
20150119 121 1 153 0
20150119 48 1 163 0
20150119 54 1 274 0
20150119 105 1 272 0
20150119 62 1 36 0
20150119 21 1 29 0
20150119 51 1 76 0
20150119 30 1 181 0
20150119 73 1 138 0
20150119 20 1 42 0
20150119 88 1 256 0
20150119 169 1 119 0
20150119 74 1 275 0
20150119 125 1 156 0
20150119 16 1 117 0
20150119 220 1 147 0
20150119 83 1 143 0
20150119 222 1 40 0
20150119 2 1 33 0
20150119 59 1 86 0
20150119 32 1 223 0
20150119 159 1 26 0
20150119 14 1 17 0
20150119 79 1 45 0
20150119 38 1 185 0
20150119 49 1 80 0
20150119 60 1 210 0
20150119 69 1 215 0
20150119 179 1 146 0
20150119 10 1 64 0
20150119 12 1 199 0
20150119 166 1 128 0
20150119 27 1 34 0
20150119 43 1 87 0
20150119 72 1 97 0
20150119 25 1 251 0
20150119 133 1 84 0
20150119 90 1 77 0
20150119 52 1 152 0
20150119 109 1 218 0
20150119 136 1 188 0
20150119 55 1 225 0
20150119 31 1 103 0
20150119 151 1 101 0
20150119 149 1 214 0
20150119 15 1 114 0
20150119 13 1 276 0
20150119 178 1 271 0
20150119 61 1 277 0
20150119 44 1 118 0
20150119 56 1 278 0
20150119 85 1 18 0
20150119 155 1 230 0
20150119 35 1 141 0
20150119 23 1 127 0
20150119 110 1 71 0
20150119 58 1 91 0
20150119 24 1 160 0
20150119 41 1 47 0
20150119 39 1 106 0
20150119 116 1 176 0
20150119 11 1 120 0
20150119 9 1 107 0
20150119 48 1 121 0
20150119 54 1 105 0
20150119 62 1 21 0
20150119 51 1 30 0
20150119 73 1 20 0
20150119 88 1 169 0
20150119 125 1 74 0
20150119 16 1 220 0
20150119 83 1 222 0
20150119 59 1 2 0
20150119 32 1 159 0
20150119 14 1 79 0
20150119 49 1 38 0
20150119 69 1 60 0
20150119 10 1 179 0
20150119 12 1 166 0
20150119 27 1 43 0
20150119 25 1 72 0
20150119 133 1 90 0
20150119 52 1 109 0
20150119 55 1 136 0
20150119 151 1 31 0
20150119 15 1 149 0
20150119 13 1 178 0
20150119 61 1 44 0
20150119 85 1 56 0
20150119 35 1 155 0
20150119 110 1 23 0
20150119 58 1 24 0
20150119 39 1 41 0
20150119 11 1 116 0
20150119 9 1 48 0
20150119 62 1 54 0
20150119 51 1 73 0
20150119 125 1 88 0
20150119 16 1 83 0
20150119 32 1 59 0
20150119 14 1 49 0
20150119 10 1 69 0
20150119 12 1 27 0
20150119 25 1 133 0
20150119 52 1 55 0
20150119 15 1 151 0
20150119 13 1 61 0
20150119 35 1 85 0
20150119 58 1 110 0
20150119 39 1 11 0
20150119 9 1 62 0
20150119 125 1 51 0
20150119 16 1 32 0
20150119 10 1 14 0
20150119 12 1 25 0
20150119 15 1 52 0
20150119 13 1 35 0
20150119 58 1 39 0
20150119 9 1 125 0
20150119 16 1 10 0
20150119 12 1 15 0
20150119 13 1 58 0
20150119 9 1 16 0
20150119 13 1 12 0
20150119 9 1 13 0
20150112 232 1 159 0
20150112 94 1 2 0
20150112 120 1 176 0
20150112 30 1 91 0
20150112 199 1 279 0
20150112 103 1 60 0
20150112 69 1 61 0
20150112 36 1 47 0
20150112 101 1 29 0
20150112 152 1 32 0
20150112 74 1 121 0
20150112 34 1 17 0
20150112 42 1 232 0
20150112 94 1 120 0
20150112 30 1 21 0
20150112 199 1 103 0
20150112 69 1 36 0
20150112 52 1 101 0
20150112 74 1 152 0
20150112 34 1 77 0
20150112 42 1 94 0
20150112 30 1 199 0
20150112 52 1 69 0
20150112 34 1 74 0
20150112 30 1 42 0
20150112 34 1 52 0
20150112 34 1 30 0
20150111 252 1 79 0
20150111 71 1 106 0
20150111 40 1 64 0
20150111 59 1 39 0
20150111 73 1 58 0
20150111 43 1 88 0
20150111 41 1 86 0
20150111 62 1 133 0
20150111 25 1 218 0
20150111 27 1 44 0
20150111 147 1 83 0
20150111 116 1 178 0
20150111 252 1 26 0
20150111 71 1 40 0
20150111 256 1 59 0
20150111 43 1 73 0
20150111 62 1 41 0
20150111 25 1 72 0
20150111 27 1 147 0
20150111 116 1 56 0
20150111 71 1 252 0
20150111 43 1 256 0
20150111 62 1 25 0
20150111 27 1 116 0
20150111 71 1 43 0
20150111 27 1 62 0
20150111 27 1 71 0
20150105 47 1 80 0
20150105 153 1 218 0
20150105 62 1 23 0
20150105 109 1 208 0
20150105 34 1 280 0
20150105 105 1 38 0
20150105 120 1 190 0
20150105 36 1 159 0
20150105 223 1 199 0
20150105 32 1 111 0
20150105 118 1 134 0
20150105 37 1 155 0
20150105 16 1 47 0
20150105 62 1 153 0
20150105 56 1 109 0
20150105 105 1 34 0
20150105 120 1 36 0
20150105 21 1 223 0
20150105 32 1 118 0
20150105 37 1 51 0
20150105 16 1 62 0
20150105 56 1 105 0
20150105 21 1 120 0
20150105 37 1 32 0
20150105 16 1 56 0
20150105 37 1 21 0
20150105 16 1 37 0
20150105 9 1 45 0
20150105 79 1 281 0
20150105 122 1 114 0
20150105 24 1 31 0
20150105 14 1 243 0
20150105 48 1 18 0
20150105 141 1 2 0
20150105 101 1 72 0
20150105 55 1 147 0
20150105 116 1 88 0
20150105 188 1 176 0
20150105 12 1 106 0
20150105 39 1 43 0
20150105 146 1 110 0
20150105 179 1 282 0
20150105 154 1 15 0
20150105 9 1 79 0
20150105 24 1 122 0
20150105 14 1 48 0
20150105 141 1 101 0
20150105 55 1 116 0
20150105 12 1 188 0
20150105 39 1 146 0
20150105 179 1 154 0
20150105 24 1 9 0
20150105 14 1 141 0
20150105 12 1 55 0
20150105 39 1 179 0
20150105 14 1 24 0
20150105 12 1 39 0
20150105 14 1 12 0
20150104 87 1 283 0
20150104 83 1 76 0
20150104 136 1 49 0
20150104 41 1 143 0
20150104 44 1 166 0
20150104 33 1 225 0
20150104 124 1 52 0
20150104 133 1 169 0
20150104 71 1 220 0
20150104 90 1 256 0
20150104 25 1 86 0
20150104 69 1 178 0
20150104 11 1 87 0
20150104 136 1 83 0
20150104 35 1 41 0
20150104 44 1 33 0
20150104 133 1 124 0
20150104 125 1 71 0
20150104 25 1 90 0
20150104 10 1 69 0
20150104 11 1 136 0
20150104 35 1 44 0
20150104 125 1 133 0
20150104 10 1 25 0
20150104 11 1 35 0
20150104 125 1 10 0
20150104 11 1 125 0
