0.6
0.285714
0.833333
0
0.142857
0.333333
0.25
0.285714
0.931818
0.75
0.847222
0.721519
0.807692
0.768116
0.75
0.739726
0.517857
0.432432
0.595238
0.647059
0.585714
0.538462
0.333333
0.603175
0.578125
0.545455
0.55
0.647059
0.580645
0.482759
0.404255
0.561404
0.490196
0.45098
0.592593
0.358974
0.5
0.4
0.52
0.528302
0.5
0.461538
0.510638
0.470588
0.432432
0.52381
0.470588
0.48
0.650794
0.680851
0.551724
0.657143
0.648148
0.661765
0.716667
0.586207
0.666667
0.581395
0.521739
0.446809
0.53125
0.563636
0
0.473684
0.352941
0.466667
0.166667
0
0.578125
0.466667
0.410256
0.576923
0.47619
0.488372
0
0.363636
0.314286
0.25
0.444444
0.411765
0.451613
0
0.346154
0.214286
0.577778
0.454545
0.357143
0.322581
0
0.392857
0.454545
0
0.421053
0.410256
0.411765
0.333333
0.368421
0.181818
0.25
0.538462
0.181818
0
0.285714
0.428571
0.422222
0.465116
0.4
0
0.4
0.375
0.5
0
0.5
0.272727
0.419355
0.528302
0.363636
0.421053
0.2
0.421053
0.333333
0.333333
0.333333
0.333333
0.680851
0
0.534884
0.441176
0.375
0.388889
0.142857
0
0.461538
0
0
0.45
0.5
0.25
0
0.5
0.4
0
0.230769
0
0
0.272727
0.421053
0
0.277778
0.333333
0.4375
0.354839
0.272727
0.375
0.142857
0.3
0
0.307692
0.214286
0.272727
0.166667
0.384615
0.230769
0
0
0.45
0.3
0.4375
0.25
0.375
0.363636
0
0
0
0
0.525
0.333333
0.157895
0.421053
0
0.4
0.333333
0
0
0.142857
0
0.333333
0.230769
0
0
0.333333
0.333333
0
0
0
0
0
0.5
0.388889
0.5
0.5
0
0.5
0.2
0
0.25
0.333333
0.307692
0
0.5
0
0
0.5
0
0.166667
0
0.333333
0.230769
0.5
0.375
0
0.333333
0.25
0
0.4375
0
0.166667
0
0
0
0.5
0.333333
0
0.5
0
0
0
0
0.5
0.333333
0
0
0.285714
0.5
0
0
0
0.666667
0
0.5
0.166667
0.5
0
0
0.5
0.166667
0
0
0.5
0
0.5
0
0
0
0
0
0
0
0
0
0
0
0
0
0
0
0
0
0
0
0
0
0
