20 175
1 3 1 8 0
1 4 1 9 0
1 7 1 8 0
1 4 1 8 0
1 4 1 5 0
1 8 1 10 0
1 5 1 2 0
1 1 1 4 0
1 5 1 3 0
1 8 1 9 0
1 1 1 4 0
1 7 1 2 0
1 10 1 9 0
1 8 1 9 0
1 9 1 5 0
1 2 1 9 0
1 7 1 9 0
1 7 1 3 0
1 3 1 2 0
1 2 1 8 0
1 6 1 3 0
1 5 1 4 0
1 5 1 8 0
1 6 1 9 0
1 10 1 8 0
1 6 1 7 0
1 2 1 6 0
1 7 1 5 0
1 5 1 2 0
1 8 1 6 0
1 3 1 5 0
1 2 1 5 0
1 3 1 7 0
1 1 1 5 0
1 4 1 1 0
1 2 1 8 0
1 5 1 6 0
1 3 1 2 0
1 10 1 6 0
1 4 1 2 0
1 3 1 4 0
1 5 1 10 0
1 1 1 5 0
1 9 1 2 0
1 5 1 7 0
1 5 1 9 0
1 4 1 10 0
1 2 1 4 0
1 10 1 2 0
1 9 1 8 0
1 2 1 9 0
1 10 1 4 0
1 6 1 8 0
1 7 1 3 0
1 3 1 6 0
1 2 1 7 0
1 7 1 10 0
1 3 1 7 0
1 2 1 7 0
1 4 1 8 0
1 1 1 5 0
1 7 1 3 0
1 3 1 1 0
1 7 1 9 0
1 5 1 4 0
1 10 1 2 0
1 6 1 9 0
1 5 1 7 0
1 8 1 6 0
1 9 1 5 0
1 4 1 2 0
1 1 1 2 0
1 2 1 3 0
1 10 1 2 0
1 4 1 2 0
1 6 1 10 0
1 4 1 7 0
1 3 1 5 0
1 6 1 5 0
1 10 1 3 0
1 9 1 5 0
1 4 1 6 0
1 6 1 1 0
1 7 1 10 0
1 9 1 7 0
1 10 1 3 0
1 5 1 4 0
1 8 1 9 0
1 2 1 6 0
1 2 1 8 0
1 10 1 8 0
1 8 1 2 0
1 4 1 2 0
1 4 1 6 0
1 9 1 2 0
1 4 1 6 0
1 9 1 7 0
1 3 1 10 0
1 7 1 4 0
1 6 1 8 0
1 12 1 15 0
1 14 1 11 0
1 12 1 15 0
1 18 1 19 0
1 16 1 14 0
1 12 1 11 0
1 12 1 20 0
1 20 1 13 0
1 15 1 17 0
1 17 1 11 0
1 19 1 16 0
1 13 1 11 0
1 20 1 15 0
1 11 1 12 0
1 18 1 15 0
1 18 1 11 0
1 17 1 12 0
1 19 1 14 0
1 14 1 11 0
1 11 1 13 0
1 13 1 20 0
1 15 1 19 0
1 12 1 15 0
1 13 1 12 0
1 14 1 18 0
1 18 1 15 0
1 13 1 11 0
1 13 1 15 0
1 17 1 15 0
1 12 1 13 0
1 14 1 13 0
1 18 1 14 0
1 12 1 17 0
1 15 1 19 0
1 17 1 18 0
1 16 1 11 0
1 15 1 16 0
1 17 1 15 0
1 16 1 11 0
1 17 1 14 0
1 18 1 12 0
1 11 1 15 0
1 18 1 15 0
1 13 1 18 0
1 17 1 16 0
1 18 1 20 0
1 14 1 11 0
1 12 1 14 0
1 13 1 12 0
1 14 1 16 0
1 15 1 11 0
1 12 1 13 0
1 12 1 16 0
1 20 1 11 0
1 16 1 19 0
1 14 1 15 0
1 16 1 12 0
1 17 1 12 0
1 15 1 12 0
1 12 1 19 0
1 11 1 19 0
1 20 1 12 0
1 17 1 18 0
1 19 1 16 0
1 13 1 11 0
1 14 1 18 0
1 17 1 20 0
1 15 1 17 0
1 17 1 13 0
1 12 1 15 0
1 13 1 16 0
1 11 1 19 0
1 11 1 18 0
1 12 1 19 0
1 12 1 14 0