20 200
1 14 1 13 0
1 3 1 12 0
1 2 1 20 0
1 3 1 9 0
1 3 1 18 0
1 18 1 7 0
1 2 1 20 0
1 7 1 14 0
1 17 1 11 0
1 20 1 11 0
1 4 1 20 0
1 19 1 2 0
1 17 1 19 0
1 12 1 14 0
1 17 1 19 0
1 11 1 18 0
1 18 1 13 0
1 12 1 18 0
1 15 1 16 0
1 18 1 10 0
1 14 1 13 0
1 17 1 5 0
1 20 1 12 0
1 19 1 18 0
1 13 1 4 0
1 7 1 12 0
1 8 1 11 0
1 6 1 4 0
1 14 1 16 0
1 10 1 15 0
1 13 1 8 0
1 13 1 8 0
1 10 1 6 0
1 4 1 20 0
1 16 1 19 0
1 20 1 19 0
1 11 1 13 0
1 4 1 8 0
1 2 1 17 0
1 5 1 17 0
1 19 1 14 0
1 15 1 8 0
1 11 1 5 0
1 3 1 8 0
1 14 1 10 0
1 10 1 20 0
1 13 1 14 0
1 18 1 19 0
1 10 1 12 0
1 18 1 6 0
1 17 1 18 0
1 7 1 19 0
1 14 1 17 0
1 10 1 18 0
1 15 1 8 0
1 6 1 15 0
1 18 1 7 0
1 10 1 7 0
1 14 1 9 0
1 9 1 14 0
1 3 1 4 0
1 5 1 20 0
1 13 1 15 0
1 20 1 6 0
1 18 1 4 0
1 3 1 19 0
1 16 1 7 0
1 19 1 2 0
1 13 1 6 0
1 3 1 14 0
1 9 1 15 0
1 8 1 9 0
1 5 1 10 0
1 5 1 6 0
1 11 1 13 0
1 5 1 4 0
1 8 1 3 0
1 6 1 2 0
1 6 1 17 0
1 18 1 7 0
1 13 1 6 0
1 13 1 9 0
1 5 1 17 0
1 19 1 12 0
1 7 1 5 0
1 18 1 8 0
1 13 1 2 0
1 3 1 9 0
1 6 1 15 0
1 11 1 4 0
1 5 1 19 0
1 15 1 16 0
1 4 1 11 0
1 8 1 11 0
1 18 1 13 0
1 7 1 6 0
1 12 1 11 0
1 6 1 9 0
1 2 1 20 0
1 9 1 3 0
1 2 1 5 0
1 20 1 14 0
1 20 1 18 0
1 18 1 7 0
1 17 1 7 0
1 4 1 10 0
1 5 1 14 0
1 11 1 17 0
1 10 1 12 0
1 14 1 13 0
1 9 1 7 0
1 17 1 19 0
1 6 1 2 0
1 3 1 9 0
1 7 1 3 0
1 13 1 20 0
1 4 1 9 0
1 12 1 5 0
1 18 1 19 0
1 13 1 3 0
1 16 1 9 0
1 8 1 6 0
1 5 1 3 0
1 13 1 19 0
1 15 1 20 0
1 9 1 13 0
1 9 1 20 0
1 17 1 8 0
1 10 1 5 0
1 7 1 14 0
1 11 1 15 0
1 4 1 20 0
1 16 1 7 0
1 10 1 4 0
1 5 1 13 0
1 16 1 5 0
1 5 1 3 0
1 8 1 12 0
1 17 1 15 0
1 19 1 9 0
1 5 1 13 0
1 17 1 9 0
1 6 1 17 0
1 8 1 6 0
1 4 1 14 0
1 17 1 6 0
1 4 1 19 0
1 3 1 13 0
1 8 1 2 0
1 10 1 11 0
1 8 1 3 0
1 9 1 4 0
1 5 1 7 0
1 12 1 6 0
1 14 1 15 0
1 11 1 5 0
1 12 1 10 0
1 4 1 13 0
1 7 1 11 0
1 20 1 16 0
1 15 1 16 0
1 16 1 15 0
1 12 1 2 0
1 14 1 9 0
1 7 1 2 0
1 13 1 8 0
1 8 1 10 0
1 11 1 13 0
1 18 1 5 0
1 6 1 17 0
1 12 1 11 0
1 13 1 19 0
1 14 1 8 0
1 20 1 11 0
1 12 1 4 0
1 14 1 6 0
1 5 1 13 0
1 20 1 8 0
1 19 1 16 0
1 5 1 3 0
1 1 1 4 0
1 18 1 1 0
1 12 1 1 0
1 1 1 13 0
1 14 1 1 0
1 8 1 1 0
1 1 1 6 0
1 1 1 10 0
1 9 1 1 0
1 1 1 14 0
1 10 1 1 0
1 1 1 13 0
1 1 1 18 0
1 1 1 16 0
1 1 1 13 0
1 1 1 10 0
1 12 1 1 0
1 1 1 4 0
1 1 1 11 0
1 16 1 1 0