20 200
1 2 1 6 0
1 2 1 16 0
1 11 1 7 0
1 13 1 8 0
1 10 1 8 0
1 20 1 8 0
1 6 1 18 0
1 18 1 12 0
1 16 1 14 0
1 4 1 11 0
1 5 1 10 0
1 17 1 7 0
1 20 1 8 0
1 17 1 4 0
1 3 1 15 0
1 19 1 10 0
1 19 1 18 0
1 9 1 16 0
1 2 1 19 0
1 3 1 8 0
1 7 1 2 0
1 11 1 6 0
1 14 1 17 0
1 15 1 10 0
1 5 1 11 0
1 5 1 16 0
1 2 1 14 0
1 11 1 6 0
1 14 1 19 0
1 14 1 16 0
1 20 1 7 0
1 12 1 14 0
1 8 1 18 0
1 18 1 17 0
1 2 1 6 0
1 13 1 15 0
1 10 1 19 0
1 11 1 13 0
1 12 1 2 0
1 6 1 11 0
1 14 1 4 0
1 14 1 5 0
1 9 1 15 0
1 11 1 5 0
1 13 1 15 0
1 11 1 12 0
1 9 1 20 0
1 20 1 3 0
1 7 1 6 0
1 11 1 9 0
1 3 1 6 0
1 8 1 16 0
1 10 1 18 0
1 4 1 3 0
1 12 1 4 0
1 13 1 7 0
1 17 1 2 0
1 18 1 7 0
1 13 1 10 0
1 17 1 14 0
1 13 1 10 0
1 19 1 2 0
1 13 1 5 0
1 20 1 8 0
1 11 1 9 0
1 8 1 11 0
1 15 1 13 0
1 10 1 20 0
1 16 1 3 0
1 12 1 17 0
1 5 1 12 0
1 10 1 15 0
1 14 1 10 0
1 10 1 17 0
1 12 1 17 0
1 16 1 2 0
1 2 1 10 0
1 5 1 13 0
1 8 1 20 0
1 17 1 2 0
1 12 1 20 0
1 7 1 20 0
1 4 1 7 0
1 9 1 14 0
1 9 1 12 0
1 11 1 17 0
1 19 1 14 0
1 15 1 3 0
1 15 1 8 0
1 5 1 12 0
1 11 1 4 0
1 7 1 3 0
1 8 1 10 0
1 20 1 18 0
1 9 1 13 0
1 4 1 10 0
1 14 1 8 0
1 2 1 5 0
1 5 1 2 0
1 20 1 2 0
1 14 1 7 0
1 3 1 4 0
1 4 1 9 0
1 12 1 6 0
1 7 1 8 0
1 3 1 9 0
1 17 1 15 0
1 11 1 14 0
1 16 1 11 0
1 6 1 14 0
1 4 1 7 0
1 20 1 3 0
1 16 1 19 0
1 8 1 4 0
1 14 1 17 0
1 14 1 11 0
1 20 1 6 0
1 10 1 15 0
1 19 1 14 0
1 2 1 8 0
1 14 1 16 0
1 2 1 3 0
1 20 1 17 0
1 5 1 13 0
1 5 1 15 0
1 9 1 18 0
1 2 1 13 0
1 12 1 16 0
1 11 1 16 0
1 3 1 14 0
1 7 1 8 0
1 10 1 5 0
1 14 1 10 0
1 5 1 12 0
1 13 1 4 0
1 16 1 19 0
1 2 1 3 0
1 8 1 10 0
1 14 1 16 0
1 16 1 11 0
1 9 1 7 0
1 3 1 7 0
1 3 1 12 0
1 8 1 20 0
1 7 1 16 0
1 7 1 16 0
1 13 1 20 0
1 10 1 14 0
1 2 1 18 0
1 16 1 2 0
1 14 1 17 0
1 11 1 16 0
1 5 1 7 0
1 3 1 8 0
1 5 1 9 0
1 2 1 15 0
1 17 1 15 0
1 20 1 12 0
1 20 1 19 0
1 12 1 5 0
1 2 1 9 0
1 3 1 16 0
1 7 1 13 0
1 2 1 18 0
1 5 1 19 0
1 19 1 2 0
1 2 1 7 0
1 19 1 3 0
1 9 1 19 0
1 11 1 2 0
1 7 1 2 0
1 4 1 13 0
1 16 1 8 0
1 4 1 13 0
1 20 1 2 0
1 7 1 6 0
1 19 1 8 0
1 10 1 15 0
1 17 1 18 0
1 20 1 15 0
1 6 1 1 0
1 1 1 4 0
1 9 1 1 0
1 1 1 12 0
1 1 1 9 0
1 1 1 15 0
1 11 1 1 0
1 1 1 13 0
1 7 1 1 0
1 6 1 1 0
1 17 1 1 0
1 1 1 12 0
1 11 1 1 0
1 11 1 1 0
1 9 1 1 0
1 1 1 15 0
1 16 1 1 0
1 14 1 1 0
1 1 1 6 0
1 5 1 1 0